0.001 0.00406183 197.569 0 10795.3 1596.42 3.37275 731.134 3778.93 11.1394 0 0.000966651 1.14037 0.0657103
0.002 0.021498 197.57 0 10790.6 1592.85 6.9403 731.069 3777.86 12.2718 0 0.00294877 1.13533 0.0657023
0.003 0.0513697 197.572 0 10785.9 1589.3 10.7325 731.003 3776.79 13.3969 0 0.00504437 1.13016 0.0656942
0.004 0.0945979 197.581 0 10781.2 1585.77 14.7787 730.937 3775.73 14.5145 0 0.00725904 1.12483 0.065686
0.005 0.146751 197.593 0 10776.5 1582.25 19.1232 730.872 3774.68 15.6282 0 0.00837635 1.12214 0.0656818
0.006 0.213299 197.602 0 10771.8 1578.75 23.7807 730.806 3773.62 16.7339 0 0.0108286 1.11652 0.0656735
0.007 0.29284 197.617 0 10767.2 1575.27 28.7786 730.74 3772.58 17.8312 0 0.0134443 1.11069 0.065665
0.008 0.390693 197.631 0 10762.5 1571.8 34.143 730.675 3771.54 18.9196 0 0.0162539 1.10463 0.0656564
0.009 0.50339 197.653 0 10757.8 1568.36 39.899 730.609 3770.51 19.9986 0 0.0192551 1.09833 0.0656476
0.01 0.636101 197.672 0 10753.1 1564.94 46.0706 730.543 3769.48 21.0679 0 0.0224788 1.09176 0.0656387
0.011 0.790688 197.7 0 10748.4 1561.54 52.6802 730.478 3768.46 22.1269 0 0.0259203 1.08491 0.0656296
0.012 0.965235 197.729 0 10743.7 1558.17 59.7485 730.412 3767.45 23.1751 0 0.029604 1.07776 0.0656204
0.013 1.16482 197.761 0 10739 1554.82 67.2948 730.346 3766.45 24.2118 0 0.0335384 1.0703 0.065611
0.014 1.38823 197.801 0 10734.3 1551.5 75.3364 730.281 3765.45 25.2366 0 0.0377266 1.06252 0.0656015
0.015 1.63775 197.841 0 10729.7 1548.2 83.8884 730.215 3764.46 26.2488 0 0.0421897 1.0544 0.0655917
0.016 1.91609 197.889 0 10725 1544.93 92.964 730.15 3763.48 27.2478 0 0.0469247 1.04594 0.0655818
0.017 2.2234 197.941 0 10720.3 1541.69 102.574 730.084 3762.51 28.233 0 0.0519434 1.03712 0.0655717
0.018 2.56221 197.997 0 10715.6 1538.49 112.727 730.018 3761.55 29.2037 0 0.0572515 1.02794 0.0655614
0.019 2.93348 198.061 0 10710.9 1535.31 123.428 729.953 3760.59 30.1592 0 0.0628493 1.0184 0.0655509
0.02 3.33966 198.129 0 10706.2 1532.17 134.681 729.887 3759.65 31.099 0 0.0687434 1.00849 0.0655401
0.021 3.78178 198.204 0 10701.6 1529.06 146.486 729.822 3758.72 32.0223 0 0.0749306 0.998204 0.0655291
0.022 4.26194 198.285 0 10696.9 1525.98 158.84 729.756 3757.8 32.9284 0 0.0814136 0.987552 0.0655179
0.023 4.78136 198.373 0 10692.2 1522.95 171.738 729.691 3756.88 33.8167 0 0.0881871 0.976532 0.0655064
0.024 5.34194 198.468 0 10687.5 1519.95 185.171 729.625 3755.98 34.6866 0 0.0952495 0.96515 0.0654947
0.025 5.94493 198.571 0 10682.8 1516.99 199.129 729.56 3755.1 35.5375 0 0.102593 0.953413 0.0654827
0.026 6.59201 198.681 0 10678.2 1514.07 213.596 729.494 3754.22 36.3686 0 0.110212 0.941329 0.0654704
0.027 7.28429 198.799 0 10673.5 1511.19 228.556 729.429 3753.36 37.1794 0 0.118097 0.92891 0.0654579
0.028 8.02344 198.925 0 10668.8 1508.36 243.989 729.363 3752.51 37.9693 0 0.126237 0.916168 0.065445
0.029 8.81045 199.059 0 10664.1 1505.56 259.872 729.298 3751.67 38.7378 0 0.134619 0.903119 0.0654319
0.03 9.64647 199.202 0 10659.5 1502.82 276.18 729.233 3750.84 39.4844 0 0.143232 0.88978 0.0654184
0.031 10.5325 199.355 0 10654.8 1500.11 292.885 729.167 3750.03 40.2085 0 0.152059 0.876168 0.0654047
0.032 11.4695 199.516 0 10650.1 1497.46 309.959 729.102 3749.24 40.9097 0 0.161084 0.862305 0.0653906
0.033 12.4582 199.686 0 10645.5 1494.85 327.369 729.036 3748.45 41.5876 0 0.17029 0.848213 0.0653762
0.034 13.4992 199.865 0 10640.8 1492.29 345.081 728.971 3747.69 42.2419 0 0.179659 0.833913 0.0653615
0.035 14.5931 200.054 0 10636.1 1489.77 363.063 728.906 3746.93 42.8721 0 0.18917 0.819431 0.0653465
0.036 15.7402 200.253 0 10631.5 1487.31 381.276 728.84 3746.19 43.4781 0 0.198805 0.804792 0.0653311
0.037 16.9408 200.462 0 10626.8 1484.89 399.687 728.775 3745.47 44.0596 0 0.208543 0.790022 0.0653154
0.038 18.1949 200.68 0 10622.1 1482.53 418.256 728.71 3744.76 44.6164 0 0.218361 0.775146 0.0652993
0.039 19.5026 200.908 0 10617.5 1480.21 436.946 728.645 3744.06 45.1483 0 0.22824 0.760192 0.0652829
0.04 20.8637 201.146 0 10612.8 1477.94 455.722 728.579 3743.38 45.6554 0 0.238158 0.745187 0.0652661
0.041 22.2779 201.395 0 10608.1 1475.73 474.545 728.514 3742.72 46.1374 0 0.248094 0.730157 0.065249
0.042 23.7448 201.653 0 10603.5 1473.56 493.379 728.449 3742.07 46.5945 0 0.258027 0.715129 0.0652316
0.043 25.2637 201.921 0 10598.8 1471.44 512.19 728.384 3741.43 47.0267 0 0.267936 0.700129 0.0652137
0.044 26.8341 202.198 0 10594.2 1469.38 530.943 728.318 3740.81 47.4341 0 0.277802 0.685181 0.0651956
0.045 28.4552 202.486 0 10589.5 1467.36 549.604 728.253 3740.21 47.8168 0 0.287606 0.67031 0.0651771
0.046 30.1261 202.783 0 10584.9 1465.39 568.144 728.188 3739.62 48.175 0 0.297329 0.655539 0.0651582
0.047 31.8459 203.091 0 10580.2 1463.47 586.532 728.123 3739.04 48.509 0 0.306954 0.640891 0.0651391
0.048 33.6134 203.407 0 10575.6 1461.6 604.74 728.058 3738.48 48.8189 0 0.316465 0.626386 0.0651195
0.049 35.4277 203.733 0 10570.9 1459.78 622.743 727.993 3737.93 49.1051 0 0.325846 0.612044 0.0650997
0.05 37.2873 204.068 0 10566.3 1458 640.517 727.928 3737.4 49.3679 0 0.335084 0.597882 0.0650795
0.051 39.1912 204.412 0 10561.6 1456.27 658.039 727.863 3736.88 49.6076 0 0.344165 0.583918 0.065059
0.052 41.1381 204.766 0 10557 1454.59 675.29 727.797 3736.38 49.8247 0 0.353077 0.570167 0.0650381
0.053 43.1266 205.128 0 10552.3 1452.95 692.253 727.732 3735.89 50.0196 0 0.36181 0.556642 0.065017
0.054 45.1552 205.498 0 10547.7 1451.36 708.91 727.667 3735.41 50.1926 0 0.370355 0.543355 0.0649955
0.055 47.2227 205.877 0 10543 1449.8 725.25 727.603 3734.94 50.3442 0 0.378703 0.530318 0.0649737
0.056 49.3275 206.264 0 10538.4 1448.3 741.258 727.538 3734.49 50.4749 0 0.386848 0.517539 0.0649517
0.057 51.4683 206.659 0 10533.8 1446.83 756.926 727.473 3734.05 50.5851 0 0.394782 0.505027 0.0649293
0.058 53.6436 207.061 0 10529.1 1445.4 772.245 727.408 3733.62 50.6754 0 0.402502 0.492788 0.0649066
0.059 55.8521 207.471 0 10524.5 1444.02 787.207 727.343 3733.2 50.7462 0 0.410003 0.480827 0.0648837
0.06 58.0923 207.889 0 10519.9 1442.67 801.807 727.278 3732.8 50.7981 0 0.417281 0.46915 0.0648605
0.061 60.3628 208.313 0 10515.2 1441.36 816.042 727.213 3732.41 50.8315 0 0.424336 0.457758 0.064837
0.062 62.6623 208.745 0 10510.6 1440.09 829.907 727.148 3732.03 50.847 0 0.431164 0.446655 0.0648133
0.063 64.9893 209.182 0 10506 1438.85 843.402 727.084 3731.65 50.8451 0 0.437765 0.435842 0.0647893
0.064 67.3427 209.627 0 10501.3 1437.65 856.525 727.019 3731.29 50.8263 0 0.444138 0.42532 0.0647651
0.065 69.721 210.077 0 10496.7 1436.48 869.277 726.954 3730.94 50.7911 0 0.450285 0.415087 0.0647407
0.066 72.123 210.533 0 10492.1 1435.34 881.658 726.889 3730.6 50.74 0 0.456206 0.405145 0.064716
0.067 74.5475 210.995 0 10487.5 1434.24 893.669 726.825 3730.27 50.6736 0 0.461902 0.395491 0.0646911
0.068 76.9933 211.463 0 10482.9 1433.17 905.314 726.76 3729.95 50.5923 0 0.467374 0.386123 0.0646659
0.069 79.4592 211.936 0 10478.2 1432.13 916.594 726.695 3729.64 50.4968 0 0.472624 0.377041 0.0646406
0.07 81.9441 212.413 0 10473.6 1431.12 927.512 726.631 3729.34 50.3873 0 0.477655 0.36824 0.0646151
0.071 84.4469 212.896 0 10469 1430.13 938.071 726.566 3729.04 50.2646 0 0.482469 0.359718 0.0645893
0.072 86.9665 213.383 0 10464.4 1429.18 948.276 726.502 3728.75 50.129 0 0.487068 0.351473 0.0645634
0.073 89.502 213.875 0 10459.8 1428.25 958.129 726.437 3728.47 49.981 0 0.491454 0.343501 0.0645373
0.074 92.0523 214.37 0 10455.2 1427.34 967.634 726.373 3728.2 49.8212 0 0.495632 0.335799 0.064511
0.075 94.6165 214.87 0 10450.6 1426.46 976.796 726.308 3727.94 49.65 0 0.499602 0.328363 0.0644845
0.076 97.1937 215.374 0 10446 1425.61 985.618 726.244 3727.68 49.4678 0 0.503368 0.321191 0.0644579
0.077 99.783 215.881 0 10441.4 1424.77 994.104 726.179 3727.43 49.2751 0 0.506933 0.314278 0.0644312
0.078 102.384 216.391 0 10436.8 1423.96 1002.26 726.115 3727.19 49.0725 0 0.510299 0.307622 0.0644042
0.079 104.995 216.905 0 10432.2 1423.17 1010.09 726.05 3726.95 48.8602 0 0.51347 0.301218 0.0643772
0.08 107.615 217.421 0 10427.6 1422.41 1017.59 725.986 3726.72 48.6388 0 0.516447 0.295064 0.06435
0.081 110.245 217.94 0 10423 1421.66 1024.77 725.922 3726.5 48.4087 0 0.519234 0.289155 0.0643226
0.082 112.883 218.462 0 10418.4 1420.93 1031.64 725.857 3726.28 48.1704 0 0.521834 0.283489 0.0642951
0.083 115.529 218.987 0 10413.8 1420.21 1038.19 725.793 3726.06 47.9242 0 0.524248 0.278063 0.0642676
0.084 118.181 219.513 0 10409.2 1419.52 1044.44 725.729 3725.86 47.6706 0 0.52648 0.272872 0.0642399
0.085 120.839 220.042 0 10404.6 1418.84 1050.38 725.665 3725.65 47.41 0 0.528532 0.267913 0.0642121
0.086 123.503 220.572 0 10400 1418.17 1056.02 725.6 3725.45 47.1428 0 0.530406 0.263184 0.0641841
0.087 126.172 221.104 0 10395.5 1417.53 1061.36 725.536 3725.26 46.8693 0 0.532105 0.258681 0.0641561
0.088 128.846 221.638 0 10390.9 1416.89 1066.42 725.472 3725.07 46.5901 0 0.533632 0.254401 0.064128
0.089 131.523 222.173 0 10386.3 1416.27 1071.18 725.408 3724.88 46.3055 0 0.534989 0.250341 0.0640998
0.09 134.204 222.709 0 10381.7 1415.66 1075.65 725.344 3724.7 46.0158 0 0.536179 0.246497 0.0640716
0.091 136.887 223.247 0 10377.1 1415.07 1079.84 725.28 3724.52 45.7214 0 0.537203 0.242866 0.0640432
0.092 139.573 223.785 0 10372.6 1414.48 1083.76 725.216 3724.34 45.4228 0 0.538065 0.239445 0.0640148
0.093 142.261 224.323 0 10368 1413.91 1087.4 725.152 3724.17 45.1203 0 0.538767 0.236231 0.0639863
0.094 144.949 224.863 0 10363.4 1413.34 1090.77 725.088 3724 44.8142 0 0.539311 0.233221 0.0639578
0.095 147.639 225.403 0 10358.9 1412.79 1093.87 725.024 3723.84 44.5049 0 0.539701 0.23041 0.0639292
0.096 150.329 225.943 0 10354.3 1412.24 1096.72 724.96 3723.67 44.1928 0 0.539938 0.227796 0.0639005
0.097 153.019 226.483 0 10349.7 1411.7 1099.3 724.896 3723.51 43.8781 0 0.540025 0.225375 0.0638718
0.098 155.709 227.023 0 10345.2 1411.17 1101.64 724.832 3723.35 43.5613 0 0.539966 0.223143 0.0638431
0.099 158.398 227.562 0 10340.6 1410.65 1103.72 724.769 3723.19 43.2426 0 0.539762 0.221097 0.0638143
0.1 161.085 228.102 0 10336.1 1410.13 1105.57 724.705 3723.04 42.9224 0 0.539418 0.219233 0.0637855
0.101 163.771 228.641 0 10331.5 1409.62 1107.17 724.641 3722.89 42.6011 0 0.538936 0.217546 0.0637567
0.102 166.455 229.179 0 10327 1409.11 1108.54 724.577 3722.73 42.2788 0 0.538318 0.216034 0.0637278
0.103 169.137 229.717 0 10322.4 1408.61 1109.69 724.514 3722.58 41.9559 0 0.537569 0.214692 0.0636989
0.104 171.816 230.254 0 10317.9 1408.11 1110.61 724.45 3722.43 41.6327 0 0.536691 0.213515 0.06367
0.105 174.492 230.789 0 10313.3 1407.61 1111.31 724.386 3722.28 41.3095 0 0.535688 0.2125 0.0636411
0.106 177.164 231.324 0 10308.8 1407.12 1111.81 724.323 3722.14 40.9866 0 0.534563 0.211641 0.0636121
0.107 179.833 231.857 0 10304.2 1406.63 1112.1 724.259 3721.99 40.6642 0 0.53332 0.210935 0.0635832
0.108 182.498 232.389 0 10299.7 1406.14 1112.19 724.196 3721.84 40.3426 0 0.531962 0.210376 0.0635543
0.109 185.158 232.92 0 10295.2 1405.65 1112.09 724.132 3721.69 40.0221 0 0.530494 0.209961 0.0635254
0.11 187.814 233.449 0 10290.6 1405.16 1111.81 724.069 3721.55 39.7029 0 0.528918 0.209684 0.0634964
0.111 190.465 233.976 0 10286.1 1404.68 1111.34 724.005 3721.4 39.3852 0 0.527238 0.209539 0.0634675
0.112 193.11 234.501 0 10281.6 1404.19 1110.71 723.942 3721.26 39.0692 0 0.525459 0.209524 0.0634386
0.113 195.751 235.025 0 10277 1403.7 1109.9 723.878 3721.11 38.7553 0 0.523585 0.209631 0.0634097
0.114 198.385 235.547 0 10272.5 1403.21 1108.94 723.815 3720.96 38.4435 0 0.521619 0.209856 0.0633809
0.115 201.014 236.066 0 10268 1402.72 1107.83 723.752 3720.82 38.1341 0 0.519565 0.210194 0.063352
0.116 203.637 236.584 0 10263.4 1402.23 1106.57 723.688 3720.67 37.8274 0 0.517428 0.21064 0.0633232
0.117 206.253 237.099 0 10258.9 1401.74 1105.17 723.625 3720.52 37.5233 0 0.515212 0.211189 0.0632944
0.118 208.863 237.612 0 10254.4 1401.24 1103.64 723.562 3720.37 37.2223 0 0.512921 0.211834 0.0632656
0.119 211.466 238.122 0 10249.9 1400.75 1101.99 723.498 3720.22 36.9243 0 0.510558 0.212572 0.0632369
0.12 214.062 238.631 0 10245.4 1400.25 1100.22 723.435 3720.07 36.6295 0 0.508129 0.213396 0.0632082
0.121 216.651 239.136 0 10240.9 1399.74 1098.34 723.372 3719.92 36.3382 0 0.505637 0.214302 0.0631795
0.122 219.233 239.639 0 10236.4 1399.23 1096.36 723.309 3719.77 36.0504 0 0.503086 0.215284 0.0631508
0.123 221.807 240.14 0 10231.8 1398.72 1094.29 723.246 3719.62 35.7662 0 0.500481 0.216337 0.0631223
0.124 224.374 240.638 0 10227.3 1398.21 1092.12 723.183 3719.46 35.4859 0 0.497825 0.217456 0.0630937
0.125 226.933 241.133 0 10222.8 1397.69 1089.87 723.12 3719.31 35.2094 0 0.495122 0.218636 0.0630652
0.126 229.484 241.625 0 10218.3 1397.17 1087.55 723.057 3719.15 34.9369 0 0.492377 0.219871 0.0630367
0.127 232.028 242.115 0 10213.8 1396.64 1085.15 722.994 3718.99 34.6685 0 0.489593 0.221158 0.0630083
0.128 234.563 242.602 0 10209.3 1396.11 1082.7 722.931 3718.83 34.4042 0 0.486775 0.222492 0.0629799
0.129 237.09 243.086 0 10204.8 1395.57 1080.18 722.868 3718.67 34.1441 0 0.483924 0.223866 0.0629516
0.13 239.61 243.567 0 10200.3 1395.03 1077.62 722.805 3718.51 33.8883 0 0.481046 0.225278 0.0629233
0.131 242.12 244.045 0 10195.8 1394.49 1075.01 722.742 3718.35 33.6369 0 0.478145 0.226723 0.062895
0.132 244.623 244.52 0 10191.4 1393.93 1072.37 722.679 3718.18 33.3899 0 0.475222 0.228195 0.0628668
0.133 247.117 244.992 0 10186.9 1393.38 1069.69 722.616 3718.01 33.1473 0 0.472282 0.229692 0.0628387
0.134 249.603 245.462 0 10182.4 1392.82 1066.98 722.553 3717.85 32.9092 0 0.469328 0.231209 0.0628106
0.135 252.081 245.928 0 10177.9 1392.25 1064.25 722.491 3717.68 32.6756 0 0.466362 0.232742 0.0627826
0.136 254.55 246.391 0 10173.4 1391.68 1061.5 722.428 3717.5 32.4465 0 0.463389 0.234287 0.0627546
0.137 259.456 246.849 0 10168.9 1391.1 1058.85 722.365 3717.33 32.2242 0 0.458926 0.236621 0.0627127
0.138 269.255 247.303 0 10164.5 1390.51 1056.32 722.302 3717.15 32.009 0 0.453245 0.238052 0.0626849
0.139 283.972 247.75 0 10160 1389.93 1054.04 722.24 3716.98 31.8034 0 0.444865 0.239347 0.0626571
0.14 303.635 248.183 0 10155.5 1389.33 1052.13 722.177 3716.8 31.61 0 0.433844 0.240425 0.0626294
0.141 328.308 248.608 0 10151 1388.74 1050.74 722.114 3716.62 31.431 0 0.420235 0.24117 0.0626017
0.142 357.997 249 0 10146.6 1388.14 1049.96 722.052 3716.44 31.2684 0 0.404106 0.241513 0.062574
0.143 392.716 249.384 0 10142.1 1387.55 1049.92 721.989 3716.26 31.1243 0 0.385479 0.24137 0.0625463
0.144 432.443 249.748 0 10137.6 1386.95 1050.73 721.927 3716.09 31.0005 0 0.364438 0.240659 0.0625187
0.145 477.123 250.089 0 10133.2 1386.36 1052.49 721.864 3715.91 30.8987 0 0.341066 0.239306 0.062491
0.146 526.672 250.404 0 10128.7 1385.78 1055.3 721.802 3715.73 30.8205 0 0.315462 0.23724 0.0624633
0.147 580.979 250.692 0 10124.2 1385.21 1059.26 721.739 3715.56 30.7672 0 0.287733 0.234396 0.0624356
0.148 639.917 250.95 0 10119.8 1384.65 1064.43 721.677 3715.39 30.7399 0 0.257998 0.230715 0.0624078
0.149 703.343 251.177 0 10115.3 1384.1 1070.9 721.615 3715.23 30.7396 0 0.226377 0.226142 0.0623799
0.15 771.108 251.37 0 10110.9 1383.57 1078.74 721.552 3715.07 30.7673 0 0.192995 0.220632 0.062352
0.151 843.057 251.529 0 10106.4 1383.07 1087.99 721.49 3714.92 30.8235 0 0.157973 0.214141 0.0623239
0.152 919.035 251.651 0 10102 1382.58 1098.71 721.428 3714.78 30.9087 0 0.121429 0.206636 0.0622956
0.153 998.886 251.735 0 10097.5 1382.13 1110.94 721.365 3714.64 31.0233 0 0.0834791 0.198084 0.0622672
0.154 1082.45 251.779 0 10093.1 1381.71 1124.72 721.303 3714.51 31.1675 0 0.0442335 0.188464 0.0622385
0.155 1169.56 251.784 0 10088.6 1381.33 1140.26 721.241 3714.4 31.3453 0 0 0.177759 0.0622097
0.156 1260.33 251.784 0 10084.2 1380.98 1155.2 721.179 3714.29 31.5119 0 0 0.166616 0.0621806
0.157 1354.65 251.541 0 10079.8 1380.65 1169.81 721.117 3714.19 31.6731 0 0 0.161273 0.0621659
0.158 1452.35 251.786 0 10075.3 1380.37 1183.54 721.055 3714.11 31.8186 0 0 0.14549 0.0621217
0.159 1553.31 251.787 0 10070.9 1380.12 1196.68 720.992 3714.04 31.9543 0 0 0.135711 0.0620919
0.16 1657.44 251.554 0 10066.5 1379.89 1209.52 720.93 3713.97 32.0854 0 0 0.131031 0.0620769
0.161 1764.54 251.57 0 10062 1379.7 1221.78 720.868 3713.91 32.2071 0 0 0.121699 0.0620468
0.162 1874.51 251.572 0 10057.6 1379.53 1233.48 720.806 3713.86 32.3199 0 0 0.1128 0.0620166
0.163 1987.2 251.596 0 10053.2 1379.39 1244.63 720.744 3713.82 32.4242 0 0 0.104321 0.0619862
0.164 2102.5 251.604 0 10048.7 1379.27 1255.25 720.682 3713.78 32.5204 0 0 0.0962531 0.0619556
0.165 2220.27 251.617 0 10044.3 1379.18 1265.36 720.62 3713.75 32.609 0 0 0.088584 0.0619248
0.166 2340.36 251.629 0 10039.9 1379.12 1274.96 720.559 3713.74 32.6903 0 0 0.0813029 0.0618938
0.167 2462.67 251.64 0 10035.5 1379.08 1284.07 720.497 3713.72 32.7647 0 0 0.0743987 0.0618627
0.168 2587.04 251.651 0 10031.1 1379.06 1292.71 720.435 3713.72 32.8326 0 0 0.0678604 0.0618314
0.169 2713.36 251.662 0 10026.6 1379.06 1300.88 720.373 3713.72 32.8943 0 0 0.061677 0.0618
0.17 2841.5 251.672 0 10022.2 1379.08 1308.61 720.311 3713.72 32.9501 0 0 0.0558378 0.0617685
0.171 2971.31 251.682 0 10017.8 1379.11 1315.91 720.25 3713.73 33.0004 0 0 0.0503319 0.0617368
0.172 3102.68 251.691 0 10013.4 1379.17 1322.78 720.188 3713.75 33.0456 0 0 0.0451486 0.0617051
0.173 3235.48 251.7 0 10009 1379.24 1329.25 720.126 3713.77 33.0859 0 0 0.0402776 0.0616732
0.174 3369.59 251.709 0 10004.6 1379.33 1335.32 720.065 3713.8 33.1216 0 0 0.0357084 0.0616412
0.175 3504.87 251.717 0 10000.2 1379.43 1341.02 720.003 3713.83 33.153 0 0 0.0314307 0.0616091
0.176 3641.22 251.725 0 9995.81 1379.54 1346.35 719.941 3713.86 33.1804 0 0 0.0274347 0.061577
0.177 3778.5 251.733 0 9991.41 1379.67 1351.32 719.88 3713.9 33.2041 0 0 0.0237103 0.0615448
0.178 3916.6 251.74 0 9987.02 1379.8 1355.95 719.818 3713.94 33.2244 0 0 0.0202479 0.0615125
0.179 4055.41 251.747 0 9982.63 1379.95 1360.25 719.757 3713.99 33.2414 0 0 0.0170381 0.0614801
0.18 4194.81 251.754 0 9978.24 1380.11 1364.24 719.695 3714.03 33.2555 0 0 0.0140716 0.0614477
0.181 4334.69 251.76 0 9973.85 1380.28 1367.91 719.634 3714.08 33.2668 0 0 0.0113392 0.0614152
0.182 4474.94 251.766 0 9969.47 1380.45 1371.29 719.573 3714.14 33.2757 0 0 0.00883219 0.0613827
0.183 4615.45 251.772 0 9965.08 1380.64 1374.39 719.511 3714.19 33.2822 0 0 0.00654184 0.0613501
0.184 4756.12 251.777 0 9960.7 1380.82 1377.22 719.45 3714.25 33.2867 0 0 0.00445975 0.0613175
0.185 4896.79 251.788 0 9956.33 1381.02 1379.78 719.389 3714.31 33.2893 0 0 0.0025777 0.0612849
0.186 5037.49 251.773 0 9951.95 1381.22 1382.09 719.327 3714.37 33.2901 0 0 0.000887719 0.0612522
0.187 5178.05 251.807 0 9947.58 1381.43 1384.15 719.266 3714.43 33.2895 0 0 -0.000617951 0.0612195
0.188 5318.39 251.785 0 9943.21 1381.64 1385.99 719.205 3714.49 33.2876 0 0 -0.00194684 0.0611868
0.189 5458.42 251.804 0 9938.84 1381.85 1387.6 719.144 3714.56 33.2845 0 0 -0.00310626 0.0611541
0.19 5598.04 251.802 0 9934.47 1382.07 1388.99 719.083 3714.62 33.2804 0 0 -0.00410328 0.0611213
0.191 5737.19 251.809 0 9930.11 1382.29 1390.18 719.022 3714.69 33.2754 0 0 -0.00494477 0.0610886
0.192 5875.78 251.809 0 9925.75 1382.51 1391.17 718.961 3714.75 33.2698 0 0 -0.00563735 0.0610559
0.193 6013.72 251.816 0 9921.39 1382.74 1391.98 718.899 3714.82 33.2636 0 0 -0.00618744 0.0610231
0.194 6150.96 251.815 0 9917.03 1382.96 1392.6 718.838 3714.89 33.257 0 0 -0.00660123 0.0609904
0.195 6287.41 251.821 0 9912.68 1383.19 1393.05 718.778 3714.96 33.2501 0 0 -0.0068847 0.0609577
0.196 6423.01 251.822 0 9908.33 1383.41 1393.33 718.717 3715.02 33.2431 0 0 -0.0070436 0.0609249
0.197 6557.7 251.825 0 9903.98 1383.64 1393.45 718.656 3715.09 33.236 0 0 -0.00708349 0.0608922
0.198 6691.42 251.826 0 9899.63 1383.87 1393.43 718.595 3715.16 33.229 0 0 -0.00700971 0.0608596
0.199 6824.11 251.829 0 9895.29 1384.09 1393.25 718.534 3715.23 33.2222 0 0 -0.0068274 0.0608269
0.2 6955.72 251.83 0 9890.95 1384.32 1392.94 718.473 3715.3 33.2156 0 0 -0.00654149 0.0607942
0.201 7086.19 251.832 0 9886.61 1384.54 1392.49 718.412 3715.36 33.2095 0 0 -0.00615672 0.0607616
0.202 7215.48 251.834 0 9882.27 1384.76 1391.91 718.352 3715.43 33.2038 0 0 -0.00567765 0.060729
0.203 7343.53 251.835 0 9877.93 1384.98 1391.22 718.291 3715.49 33.1987 0 0 -0.00510864 0.0606965
0.204 7470.32 251.836 0 9873.6 1385.2 1390.4 718.23 3715.56 33.1942 0 0 -0.00445385 0.0606639
0.205 7595.79 251.837 0 9869.27 1385.41 1389.48 718.17 3715.62 33.1905 0 0 -0.00371729 0.0606314
0.206 7719.92 251.839 0 9864.94 1385.62 1388.44 718.109 3715.69 33.1876 0 0 -0.00290277 0.060599
0.207 7842.66 251.839 0 9860.61 1385.83 1387.31 718.049 3715.75 33.1856 0 0 -0.00201394 0.0605665
0.208 7963.99 251.84 0 9856.29 1386.04 1386.08 717.988 3715.81 33.1845 0 0 -0.00105429 0.0605341
0.209 8083.87 251.841 0 9851.97 1386.24 1384.75 717.928 3715.87 33.1845 0 0 -2.7145e-05 0.0605018
0.21 8202.29 251.842 0 9847.65 1386.44 1383.33 717.867 3715.93 33.1856 0 0 0.00106434 0.0604695
0.211 8319.21 251.842 0 9843.33 1386.63 1381.83 717.807 3715.99 33.1878 0 0 0.00221715 0.0604372
0.212 8434.61 251.842 0 9839.02 1386.82 1380.25 717.746 3716.05 33.1912 0 0 0.00342842 0.060405
0.213 8548.49 251.843 0 9834.7 1387.01 1378.59 717.686 3716.1 33.1959 0 0 0.00469543 0.0603728
0.214 8660.81 251.843 0 9830.39 1387.19 1376.85 717.626 3716.16 33.2019 0 0 0.00601559 0.0603407
0.215 8771.56 251.843 0 9826.09 1387.36 1375.04 717.565 3716.21 33.2093 0 0 0.00738646 0.0603086
0.216 8880.74 251.843 0 9821.78 1387.54 1373.16 717.505 3716.26 33.2181 0 0 0.00880572 0.0602766
0.217 8988.33 251.843 0 9817.48 1387.7 1371.21 717.445 3716.31 33.2284 0 0 0.0102712 0.0602446
0.218 9094.32 251.843 0 9813.18 1387.86 1369.2 717.384 3716.36 33.2402 0 0 0.0117807 0.0602127
0.219 9198.7 251.843 0 9808.88 1388.02 1367.13 717.324 3716.41 33.2535 0 0 0.0133325 0.0601808
0.22 9301.48 251.843 0 9804.58 1388.17 1364.99 717.264 3716.45 33.2684 0 0 0.0149245 0.060149
0.221 9402.64 251.843 0 9800.29 1388.32 1362.8 717.204 3716.49 33.285 0 0 0.0165551 0.0601172
0.222 9502.18 251.842 0 9796 1388.46 1360.56 717.144 3716.54 33.3032 0 0 0.0182227 0.0600855
0.223 9600.11 251.842 0 9791.71 1388.59 1358.26 717.084 3716.58 33.3231 0 0 0.0199256 0.0600539
0.224 9696.42 251.842 0 9787.42 1388.72 1355.91 717.024 3716.62 33.3448 0 0 0.0216626 0.0600223
0.225 9791.28 251.841 0 9782.33 1388.84 1353.51 716.953 3716.65 33.3682 -0.0112322 0 0.0234321 0.0599907
0.226 9884.16 251.878 0 9779.09 1388.96 1351.07 716.907 3716.69 33.3935 0.0145664 0 0.025233 0.0599535
0.227 9975.1 251.775 0 9777.61 1389.06 1348.57 716.886 3716.72 33.4205 0.039164 0 0.0270641 0.0599295
0.228 10064.1 251.763 0 9777.83 1389.17 1346.03 716.89 3716.75 33.4494 0.0630094 0 0.0289243 0.0599182
0.229 10151.1 251.657 0 9779.67 1389.27 1343.45 716.915 3716.78 33.4803 0.0857781 0 0.0308126 0.059919
0.23 10236.3 251.553 0 9783.08 1389.36 1340.82 716.963 3716.81 33.513 0.107671 0 0.0327281 0.0599315
0.231 10319.6 251.42 0 9787.99 1389.44 1338.15 717.032 3716.83 33.5477 0.12865 0 0.03467 0.0599552
0.232 10400.9 251.272 0 9794.33 1389.52 1335.44 717.121 3716.86 33.5843 0.14876 0 0.0366374 0.0599897
0.233 10480.5 251.102 0 9802.04 1389.59 1332.68 717.229 3716.88 33.6229 0.16801 0 0.0386297 0.0600344
0.234 10558.2 250.915 0 9811.07 1389.65 1329.89 717.355 3716.9 33.6636 0.186427 0 0.0406462 0.060089
0.235 10634.1 250.71 0 9821.35 1389.71 1327.06 717.499 3716.91 33.7062 0.20403 0 0.0426863 0.060153
0.236 10708.2 250.488 0 9832.82 1389.76 1324.2 717.659 3716.93 33.751 0.220842 0 0.0447494 0.060226
0.237 10780.6 250.25 0 9845.43 1389.81 1321.29 717.836 3716.94 33.7978 0.236882 0 0.046835 0.0603075
0.238 10851.2 249.997 0 9859.13 1389.85 1318.35 718.028 3716.95 33.8468 0.252172 0 0.0489428 0.0603973
0.239 10920.1 249.729 0 9873.86 1389.88 1315.37 718.234 3716.96 33.8978 0.266731 0 0.0510722 0.0604949
0.24 10987.3 249.448 0 9889.57 1389.9 1312.35 718.454 3716.97 33.9511 0.280581 0 0.0532229 0.0605999
0.241 11052.8 249.153 0 9906.22 1389.92 1309.3 718.687 3716.98 34.0065 0.293739 0 0.0553946 0.0607119
0.242 11116.7 248.846 0 9923.75 1389.93 1306.21 718.932 3716.98 34.0641 0.306228 0 0.057587 0.0608307
0.243 11179 248.526 0 9942.11 1389.94 1303.09 719.19 3716.98 34.1239 0.318064 0 0.0597999 0.0609558
0.244 11239.8 248.196 0 9961.27 1389.93 1299.93 719.458 3716.98 34.1859 0.329268 0 0.0620331 0.061087
0.245 11298.9 247.855 0 9981.17 1389.92 1296.74 719.736 3716.98 34.2502 0.339858 0 0.0642863 0.0612238
0.246 11356.5 247.504 0 10001.8 1389.9 1293.51 720.025 3716.97 34.3167 0.349853 0 0.0665594 0.0613661
0.247 11412.6 247.144 0 10023 1389.88 1290.25 720.323 3716.96 34.3856 0.35927 0 0.0688524 0.0615134
0.248 11467.3 246.775 0 10044.9 1389.85 1286.95 720.629 3716.95 34.4567 0.368128 0 0.071165 0.0616655
0.249 11520.5 246.398 0 10067.4 1389.81 1283.62 720.944 3716.94 34.5302 0.376445 0 0.0734974 0.061822
0.25 11572.2 246.011 0 10090.4 1389.76 1280.25 721.266 3716.93 34.6061 0.384233 0 0.0758493 0.0619828
0.251 11622.6 245.62 0 10114 1389.71 1276.85 721.595 3716.91 34.6843 0.391516 0 0.0782208 0.0621476
0.252 11671.6 245.22 0 10138 1389.65 1273.42 721.931 3716.89 34.7649 0.398305 0 0.0806118 0.062316
0.253 11719.2 244.814 0 10162.4 1389.58 1269.95 722.273 3716.87 34.848 0.404618 0 0.0830225 0.0624879
0.254 11765.5 244.403 0 10187.2 1389.5 1266.44 722.621 3716.85 34.9334 0.410472 0 0.0854527 0.0626629
0.255 11810.6 243.986 0 10212.4 1389.42 1262.9 722.974 3716.83 35.0213 0.41588 0 0.0879026 0.0628409
0.256 11854.3 243.564 0 10238 1389.33 1259.32 723.332 3716.8 35.1117 0.420859 0 0.0903722 0.0630216
0.257 11896.8 243.138 0 10263.9 1389.23 1255.71 723.694 3716.77 35.2045 0.425423 0 0.0928615 0.0632049
0.258 11938.1 242.708 0 10290 1389.12 1252.06 724.061 3716.74 35.2999 0.429587 0 0.0953708 0.0633904
0.259 11978.3 242.273 0 10316.5 1389.01 1248.38 724.43 3716.7 35.3978 0.433365 0 0.0978999 0.063578
0.26 12017.2 241.836 0 10343.1 1388.89 1244.66 724.803 3716.67 35.4983 0.43677 0 0.100449 0.0637674
0.261 12055 241.395 0 10369.9 1388.76 1240.91 725.179 3716.63 35.6013 0.439816 0 0.103018 0.0639586
0.262 12091.7 240.951 0 10397 1388.62 1237.11 725.558 3716.59 35.7069 0.442516 0 0.105608 0.0641513
0.263 12127.3 240.506 0 10424.1 1388.47 1233.29 725.938 3716.54 35.8151 0.444883 0 0.108218 0.0643453
0.264 12161.8 240.058 0 10451.5 1388.32 1229.42 726.32 3716.5 35.926 0.44693 0 0.110848 0.0645405
0.265 12195.3 239.608 0 10478.9 1388.16 1225.52 726.704 3716.45 36.0394 0.448669 0 0.113498 0.0647367
0.266 12227.8 239.157 0 10506.4 1387.99 1221.58 727.09 3716.4 36.1556 0.450111 0 0.11617 0.0649338
0.267 12259.3 238.705 0 10534 1387.81 1217.6 727.476 3716.34 36.2745 0.451268 0 0.118862 0.0651315
0.268 12289.8 238.252 0 10561.6 1387.62 1213.59 727.863 3716.29 36.3961 0.452152 0 0.121574 0.0653298
0.269 12319.3 237.799 0 10589.3 1387.42 1209.54 728.25 3716.23 36.5204 0.452773 0 0.124308 0.0655285
0.27 12347.9 237.345 0 10616.9 1387.22 1205.45 728.637 3716.17 36.6474 0.453142 0 0.127063 0.0657275
0.271 12375.7 236.891 0 10644.6 1387.01 1201.32 729.025 3716.1 36.7773 0.45327 0 0.129838 0.0659266
0.272 12402.5 236.437 0 10672.3 1386.78 1197.15 729.412 3716.04 36.9099 0.453167 0 0.132635 0.0661258
0.273 12428.5 235.983 0 10699.9 1386.55 1192.95 729.798 3715.97 37.0454 0.452842 0 0.135452 0.0663248
0.274 12453.6 235.533 0 10727.4 1386.31 1188.7 730.184 3715.89 37.1836 0.452314 0 0.138291 0.0665237
0.275 12477.9 235.076 0 10754.9 1386.07 1184.42 730.569 3715.82 37.3248 0.451565 0 0.141151 0.0667222
0.276 12501.4 234.629 0 10782.3 1385.81 1180.1 730.952 3715.74 37.4688 0.450641 0 0.144032 0.0669203
0.277 12524.1 234.176 0 10809.6 1385.54 1175.74 731.335 3715.66 37.6158 0.449518 0 0.146934 0.0671179
0.278 12546.1 233.728 0 10836.8 1385.27 1171.35 731.716 3715.58 37.7656 0.448225 0 0.149857 0.0673149
0.279 12567.3 233.281 0 10863.9 1384.98 1166.91 732.095 3715.5 37.9184 0.446762 0 0.152801 0.0675112
0.28 12587.8 232.835 0 10890.9 1384.69 1162.44 732.472 3715.41 38.0742 0.44514 0 0.155766 0.0677068
0.281 12607.6 232.391 0 10917.7 1384.39 1157.93 732.848 3715.32 38.2329 0.443366 0 0.158752 0.0679014
0.282 12626.7 231.949 0 10944.4 1384.07 1153.38 733.221 3715.22 38.3947 0.441447 0 0.161758 0.0680952
0.283 12645.1 231.509 0 10970.9 1383.75 1148.79 733.592 3715.13 38.5595 0.43939 0 0.164784 0.0682879
0.284 12662.8 231.071 0 10997.2 1383.42 1144.17 733.961 3715.03 38.7273 0.437203 0 0.167831 0.0684795
0.285 12680 230.636 0 11023.4 1383.08 1139.5 734.327 3714.92 38.8982 0.434893 0 0.170897 0.06867
0.286 12696.5 230.203 0 11049.4 1382.73 1134.81 734.691 3714.82 39.0722 0.432465 0 0.173983 0.0688593
0.287 12712.4 229.772 0 11075.1 1382.37 1130.07 735.052 3714.71 39.2493 0.429927 0 0.177089 0.0690473
0.288 12727.7 229.345 0 11100.7 1382 1125.3 735.41 3714.6 39.4295 0.427285 0 0.180213 0.069234
0.289 12742.4 228.919 0 11126.1 1381.62 1120.5 735.765 3714.49 39.6128 0.424545 0 0.183356 0.0694193
0.29 12756.6 228.497 0 11151.2 1381.23 1115.66 736.117 3714.37 39.7994 0.421712 0 0.186517 0.0696032
0.291 12770.3 228.078 0 11176.1 1380.83 1110.78 736.466 3714.25 39.9891 0.418792 0 0.189696 0.0697856
0.292 12783.4 227.662 0 11200.9 1380.42 1105.88 736.812 3714.13 40.182 0.415791 0 0.192891 0.0699666
0.293 12796 227.249 0 11225.3 1380 1100.94 737.154 3714 40.3781 0.412713 0 0.196103 0.0701459
0.294 12808.1 226.839 0 11249.6 1379.57 1095.97 737.494 3713.87 40.5774 0.409565 0 0.199331 0.0703237
0.295 12819.7 226.432 0 11273.5 1379.13 1090.97 737.83 3713.74 40.78 0.40635 0 0.202573 0.0704999
0.296 12830.8 226.028 0 11297.3 1378.68 1085.94 738.162 3713.6 40.9858 0.403073 0 0.20583 0.0706744
0.297 12841.5 225.628 0 11320.8 1378.22 1080.88 738.491 3713.47 41.1949 0.39974 0 0.209101 0.0708472
0.298 12851.7 225.232 0 11344 1377.75 1075.8 738.816 3713.32 41.4073 0.396354 0 0.212384 0.0710183
0.299 12861.5 224.839 0 11367 1377.27 1070.69 739.138 3713.18 41.623 0.392919 0 0.215678 0.0711876
0.3 12870.7 224.457 0 11389.7 1376.78 1065.56 739.456 3713.03 41.8419 0.389435 0 0.218983 0.0713552
0.301 12879.9 224.034 0 11412.2 1376.27 1040.42 739.77 3712.88 42.0642 0.385824 0 0.222298 0.071521
0.302 12888.3 223.73 0 11434.4 1375.71 1016.84 740.081 3712.71 42.3041 0.38247 0 0.239892 0.0716849
0.303 12896.5 223.245 0 11456.3 1375.1 994.699 740.388 3712.53 42.5605 0.378593 0 0.256338 0.0718475
0.304 12904.4 222.957 0 11477.9 1374.43 973.91 740.691 3712.33 42.8322 0.375222 0 0.271713 0.0720084
0.305 12911.7 222.557 0 11499.3 1373.72 954.388 740.99 3712.12 43.1183 0.371502 0 0.286087 0.0721679
0.306 12918.8 222.157 0 11520.4 1372.96 936.058 741.286 3711.89 43.4178 0.367734 0 0.299522 0.0723257
0.307 12925.6 221.85 0 11541.3 1372.16 918.851 741.578 3711.65 43.7299 0.364198 0 0.312074 0.0724818
0.308 12932 221.445 0 11561.8 1371.33 902.708 741.865 3711.4 44.0537 0.360378 0 0.323794 0.0726364
0.309 12938.1 221.108 0 11582.1 1370.45 887.573 742.149 3711.14 44.3884 0.356713 0 0.334727 0.0727891
0.31 12943.8 220.749 0 11602.1 1369.55 873.397 742.429 3710.86 44.7333 0.352968 0 0.344914 0.0729402
0.311 12949.3 220.401 0 11621.8 1368.61 860.136 742.705 3710.58 45.0877 0.349234 0 0.354392 0.0730896
0.312 12954.4 220.055 0 11641.3 1367.64 847.749 742.978 3710.29 45.4509 0.345487 0 0.363194 0.0732372
0.313 12959.3 219.713 0 11660.4 1366.65 836.201 743.246 3709.99 45.8222 0.341738 0 0.371352 0.073383
0.314 12963.9 219.375 0 11679.3 1365.63 825.458 743.51 3709.69 46.2011 0.337986 0 0.378891 0.073527
0.315 12968.2 219.04 0 11697.9 1364.59 815.489 743.771 3709.38 46.587 0.334235 0 0.385838 0.0736692
0.316 12972.3 218.709 0 11716.3 1363.53 806.269 744.028 3709.06 46.9792 0.330486 0 0.392215 0.0738096
0.317 12976 218.382 0 11734.3 1362.45 797.772 744.28 3708.73 47.3772 0.326742 0 0.398042 0.0739481
0.318 12979.6 218.06 0 11752.1 1361.35 789.974 744.529 3708.41 47.7806 0.323003 0 0.40334 0.0740848
0.319 12982.9 217.739 0 11769.6 1360.24 782.855 744.774 3708.07 48.1887 0.319267 0 0.408126 0.0742196
0.32 12985.9 217.426 0 11786.8 1359.11 776.395 745.016 3707.73 48.6011 0.315554 0 0.412416 0.0743526
0.321 12988.8 217.111 0 11803.8 1357.97 770.576 745.253 3707.39 49.0173 0.311838 0 0.416226 0.0744837
0.322 12991.4 216.804 0 11820.5 1356.82 765.381 745.487 3707.05 49.4369 0.308146 0 0.419568 0.074613
0.323 12993.8 216.499 0 11836.9 1355.66 760.794 745.716 3706.7 49.8593 0.304463 0 0.422458 0.0747403
0.324 12996 216.197 0 11853 1354.5 756.799 745.942 3706.35 50.2843 0.300796 0 0.424906 0.0748658
0.325 12998 215.904 0 11868.9 1353.32 753.383 746.164 3706 50.7112 0.297157 0 0.426926 0.0749894
0.326 12999.8 215.602 0 11884.5 1352.14 750.532 746.383 3705.64 51.1397 0.293503 0 0.428528 0.0751111
0.327 13001.4 215.323 0 11899.8 1350.96 748.231 746.597 3705.29 51.5694 0.289921 0 0.429724 0.075231
0.328 13002.8 215.026 0 11914.9 1349.78 746.469 746.808 3704.93 52 0.286299 0 0.430523 0.0753489
0.329 13004 214.752 0 11929.7 1348.59 745.232 747.016 3704.58 52.4309 0.282755 0 0.430936 0.075465
0.33 13005.1 214.465 0 11944.2 1347.41 744.509 747.219 3704.22 52.8619 0.279185 0 0.430973 0.0755793
0.331 13006 214.196 0 11958.5 1346.23 744.286 747.419 3703.87 53.2925 0.275682 0 0.430643 0.0756916
0.332 13006.7 213.921 0 11972.5 1345.05 744.551 747.616 3703.51 53.7225 0.272176 0 0.429958 0.0758021
0.333 13007.3 213.647 0 11986.3 1343.87 745.293 747.808 3703.16 54.1514 0.268685 0 0.428925 0.0759107
0.334 13007.7 213.39 0 11999.8 1342.7 746.497 747.998 3702.81 54.5789 0.265261 0 0.427555 0.0760175
0.335 13008 213.125 0 12013.1 1341.53 748.153 748.183 3702.46 55.0048 0.261831 0 0.425857 0.0761224
0.336 13008.1 212.863 0 12026.1 1340.37 750.248 748.366 3702.11 55.4286 0.258429 0 0.423842 0.0762255
0.337 13008.1 212.613 0 12038.9 1339.22 752.767 748.544 3701.77 55.8502 0.255069 0 0.421518 0.0763267
0.338 13008.1 212.366 0 12051.4 1338.08 755.7 748.72 3701.42 56.2691 0.25175 0 0.418896 0.0764261
0.339 13008.2 212.128 0 12063.7 1336.95 759.031 748.892 3701.08 56.685 0.24849 0 0.415986 0.0765237
0.34 13007.4 211.916 0 12075.7 1335.83 762.748 749.06 3700.75 57.0978 0.245355 0 0.412799 0.0766195
0.341 13006.7 211.57 0 12087.5 1334.72 766.837 749.225 3700.42 57.5072 0.241745 0 0.409343 0.0767136
0.342 13006.1 211.422 0 12099.1 1333.62 771.283 749.387 3700.09 57.9128 0.238767 0 0.405631 0.0768058
0.343 13005.1 211.159 0 12110.4 1332.54 776.073 749.546 3699.76 58.3145 0.235499 0 0.401672 0.0768962
0.344 13004.3 210.877 0 12121.5 1331.47 781.192 749.701 3699.44 58.712 0.232161 0 0.397477 0.0769849
0.345 13002.7 210.725 0 12132.4 1330.42 786.625 749.853 3699.13 59.105 0.229272 0 0.393058 0.0770717
0.346 13002.1 210.369 0 12143 1329.38 792.357 750.002 3698.81 59.4934 0.225709 0 0.388425 0.0771568
0.347 13000.9 210.354 0 12153.4 1328.36 798.372 750.148 3698.51 59.877 0.223346 0 0.38359 0.0772401
0.348 12999.6 209.924 0 12163.6 1327.36 804.656 750.29 3698.21 60.2556 0.219655 0 0.378563 0.0773219
0.349 12998 209.855 0 12173.6 1326.37 811.193 750.43 3697.91 60.629 0.21711 0 0.373357 0.0774017
0.35 12996.5 209.554 0 12183.3 1325.4 817.967 750.566 3697.62 60.9969 0.213844 0 0.367984 0.07748
0.351 12994.8 209.404 0 12192.9 1324.45 824.961 750.7 3697.34 61.3594 0.211098 0 0.362454 0.0775565
0.352 12993.1 209.142 0 12202.2 1323.52 832.162 750.83 3697.06 61.7162 0.208006 0 0.356779 0.0776314
0.353 12991.3 208.981 0 12211.3 1322.61 839.551 750.958 3696.78 62.0671 0.205266 0 0.350971 0.0777046
0.354 12989.3 208.747 0 12220.2 1321.72 847.115 751.082 3696.52 62.4122 0.202311 0 0.345042 0.0777762
0.355 12987.3 208.569 0 12228.9 1320.85 854.836 751.204 3696.25 62.7512 0.199557 0 0.339004 0.0778461
0.356 12985.2 208.358 0 12237.3 1320 862.699 751.323 3696 63.0841 0.196718 0 0.332867 0.0779144
0.357 12983 208.173 0 12245.6 1319.17 870.688 751.439 3695.75 63.4107 0.193987 0 0.326644 0.0779811
0.358 12980.8 207.976 0 12253.7 1318.36 878.788 751.552 3695.51 63.731 0.191237 0 0.320345 0.0780462
0.359 12978.4 207.791 0 12261.6 1317.58 886.984 751.663 3695.27 64.045 0.188549 0 0.313982 0.0781097
0.36 12976 207.603 0 12269.3 1316.81 895.26 751.77 3695.04 64.3526 0.185872 0 0.307566 0.0781717
0.361 12973.5 207.42 0 12276.8 1316.07 903.603 751.875 3694.82 64.6537 0.183233 0 0.301108 0.0782321
0.362 12970.9 207.24 0 12284.1 1315.35 911.997 751.978 3694.6 64.9483 0.180622 0 0.294619 0.0782909
0.363 12968.2 207.062 0 12291.2 1314.65 920.429 752.077 3694.39 65.2364 0.178041 0 0.288108 0.0783483
0.364 12965.5 206.886 0 12298.2 1313.97 928.884 752.174 3694.19 65.518 0.175488 0 0.281586 0.0784042
0.365 12962.7 206.713 0 12304.9 1313.32 937.351 752.269 3693.99 65.7931 0.172965 0 0.275062 0.0784585
0.366 12959.8 206.543 0 12311.5 1312.68 945.816 752.361 3693.8 66.0616 0.17047 0 0.268547 0.0785114
0.367 12956.8 206.375 0 12317.9 1312.07 954.266 752.45 3693.62 66.3237 0.168003 0 0.262048 0.0785629
0.368 12953.8 206.209 0 12324.1 1311.48 962.691 752.537 3693.44 66.5792 0.165564 0 0.255575 0.0786129
0.369 12950.6 206.046 0 12330.1 1310.91 971.079 752.622 3693.27 66.8284 0.163152 0 0.249136 0.0786615
0.37 12947.5 205.885 0 12336 1310.37 979.419 752.704 3693.11 67.0711 0.160767 0 0.242739 0.0787086
0.371 12944.2 205.727 0 12341.7 1309.84 987.701 752.783 3692.95 67.3075 0.158409 0 0.236391 0.0787544
0.372 12940.9 205.571 0 12347.2 1309.34 995.915 752.861 3692.8 67.5376 0.156077 0 0.2301 0.0787988
0.373 12937.5 205.417 0 12352.5 1308.85 1004.05 752.936 3692.66 67.7615 0.153771 0 0.223872 0.0788418
0.374 12934 205.265 0 12357.7 1308.39 1012.11 753.008 3692.52 67.9792 0.151491 0 0.217714 0.0788835
0.375 12930.5 205.116 0 12362.8 1307.95 1020.07 753.079 3692.38 68.1908 0.149235 0 0.211631 0.0789238
0.376 12926.9 204.969 0 12367.6 1307.53 1027.93 753.147 3692.26 68.3965 0.147004 0 0.205629 0.0789629
0.377 12923.2 204.824 0 12372.3 1307.12 1035.68 753.212 3692.14 68.5962 0.144797 0 0.199713 0.0790006
0.378 12919.5 204.682 0 12376.9 1306.74 1043.32 753.276 3692.02 68.7901 0.142613 0 0.193887 0.0790371
0.379 12915.7 204.541 0 12381.2 1306.38 1050.84 753.337 3691.91 68.9782 0.140452 0 0.188156 0.0790722
0.38 12911.8 204.403 0 12385.5 1306.03 1058.24 753.397 3691.81 69.1607 0.138314 0 0.182523 0.0791061
0.381 12907.8 204.267 0 12389.5 1305.71 1065.51 753.454 3691.71 69.3377 0.136198 0 0.176992 0.0791388
0.382 12903.8 204.133 0 12393.5 1305.4 1072.65 753.509 3691.62 69.5093 0.134103 0 0.171565 0.0791703
0.383 12899.7 204.001 0 12397.2 1305.11 1079.66 753.561 3691.53 69.6755 0.132029 0 0.166246 0.0792005
0.384 12895.5 203.871 0 12400.9 1304.84 1086.52 753.612 3691.45 69.8366 0.129976 0 0.161036 0.0792295
0.385 12891.3 203.743 0 12404.3 1304.58 1093.25 753.661 3691.37 69.9925 0.127942 0 0.155937 0.0792573
0.386 12887 203.617 0 12407.7 1304.34 1099.83 753.707 3691.3 70.1435 0.125928 0 0.150952 0.079284
0.387 12882.6 203.493 0 12410.9 1304.12 1106.27 753.752 3691.24 70.2895 0.123933 0 0.14608 0.0793095
0.388 12878.1 203.371 0 12413.9 1303.91 1112.56 753.795 3691.17 70.4309 0.121955 0 0.141323 0.0793339
0.389 12873.6 203.251 0 12416.8 1303.72 1118.7 753.835 3691.12 70.5676 0.119996 0 0.136682 0.0793571
0.39 12869 203.133 0 12419.6 1303.54 1124.7 753.874 3691.06 70.6997 0.118053 0 0.132156 0.0793792
0.391 12864.3 203.017 0 12422.2 1303.38 1130.55 753.911 3691.01 70.8275 0.116126 0 0.127746 0.0794002
0.392 12859.5 202.903 0 12424.7 1303.24 1136.25 753.945 3690.97 70.9509 0.114215 0 0.123452 0.0794201
0.393 12854.7 202.79 0 12427 1303.1 1141.81 753.978 3690.93 71.0702 0.11232 0 0.119274 0.0794389
0.394 12849.7 202.68 0 12429.2 1302.98 1147.22 754.009 3690.9 71.1854 0.110439 0 0.115209 0.0794566
0.395 12844.7 202.571 0 12431.3 1302.88 1152.49 754.038 3690.86 71.2966 0.108571 0 0.111259 0.0794733
0.396 12839.6 202.465 0 12433.3 1302.79 1157.61 754.066 3690.84 71.4041 0.106717 0 0.107421 0.0794889
0.397 12834.4 202.36 0 12435.1 1302.7 1162.59 754.091 3690.81 71.5078 0.104876 0 0.103695 0.0795034
0.398 12829.1 202.257 0 12436.8 1302.64 1167.43 754.115 3690.79 71.6078 0.103046 0 0.10008 0.0795169
0.399 12823.8 202.156 0 12438.3 1302.58 1172.14 754.136 3690.77 71.7044 0.101228 0 0.0965728 0.0795294
0.4 12818.3 202.056 0 12439.7 1302.53 1176.7 754.156 3690.76 71.7976 0.0994204 0 0.093173 0.0795409
0.401 12812.8 201.959 0 12441 1302.5 1181.14 754.174 3690.75 71.8875 0.0976226 0 0.0898787 0.0795514
0.402 12807.1 201.863 0 12442.2 1302.48 1185.44 754.191 3690.74 71.9742 0.0958341 0 0.0866881 0.0795608
0.403 12801.4 201.769 0 12443.2 1302.46 1189.61 754.205 3690.74 72.0578 0.0940541 0 0.0835992 0.0795693
0.404 12795.6 201.676 0 12444.1 1302.46 1193.65 754.218 3690.74 72.1384 0.0922819 0 0.0806101 0.0795768
0.405 12789.6 201.586 0 12444.9 1302.47 1197.57 754.229 3690.74 72.2161 0.0905169 0 0.0777187 0.0795833
0.406 12783.6 201.497 0 12445.6 1302.48 1201.37 754.238 3690.74 72.291 0.0887582 0 0.074923 0.0795888
0.407 12777.4 201.41 0 12446.1 1302.51 1205.05 754.245 3690.75 72.3632 0.0870052 0 0.0722209 0.0795934
0.408 12771.2 201.325 0 12446.5 1302.54 1208.61 754.251 3690.76 72.4328 0.0852572 0 0.0696101 0.079597
0.409 12764.8 201.242 0 12446.8 1302.58 1212.07 754.255 3690.77 72.4999 0.0835134 0 0.0670884 0.0795997
0.41 12758.3 201.16 0 12446.9 1302.63 1215.4 754.257 3690.79 72.5646 0.081773 0 0.0646537 0.0796014
0.411 12751.7 201.08 0 12447 1302.69 1218.64 754.257 3690.81 72.6269 0.0800354 0 0.0623037 0.0796021
0.412 12745 201.002 0 12446.9 1302.75 1221.76 754.256 3690.83 72.6869 0.0782996 0 0.0600362 0.0796019
0.413 12738.2 200.925 0 12446.6 1302.83 1224.79 754.253 3690.85 72.7448 0.076565 0 0.057849 0.0796008
0.414 12731.2 200.85 0 12446.3 1302.91 1227.72 754.248 3690.87 72.8005 0.0748308 0 0.0557397 0.0795987
0.415 12724.2 200.777 0 12445.8 1302.99 1230.55 754.242 3690.9 72.8542 0.0730962 0 0.0537063 0.0795957
0.416 12716.9 200.706 0 12445.3 1303.08 1233.28 754.234 3690.93 72.906 0.0713603 0 0.0517464 0.0795918
0.417 12709.6 200.636 0 12444.5 1303.18 1235.93 754.224 3690.95 72.9558 0.0696223 0 0.049858 0.0795869
0.418 12702.1 200.569 0 12443.7 1303.29 1238.49 754.212 3690.99 73.0039 0.0678815 0 0.0480389 0.0795811
0.419 12694.5 200.503 0 12442.7 1303.4 1240.96 754.198 3691.02 73.0501 0.066137 0 0.0462869 0.0795744
0.42 12686.7 200.438 0 12441.7 1303.52 1243.35 754.183 3691.05 73.0947 0.0643879 0 0.0446 0.0795668
0.421 12678.8 200.377 0 12440.5 1303.64 1245.66 754.166 3691.09 73.1377 0.0626434 0 0.042976 0.0795582
0.422 12670.7 200.313 0 12439.1 1303.76 1247.89 754.148 3691.13 73.1791 0.060867 0 0.041413 0.0795487
0.423 12662.5 200.257 0 12437.7 1303.9 1250.05 754.127 3691.17 73.219 0.0591096 0 0.0399091 0.0795382
0.424 12654.2 200.198 0 12436.1 1304.03 1252.14 754.105 3691.21 73.2575 0.0573284 0 0.0384621 0.0795269
0.425 12645.6 200.145 0 12434.4 1304.18 1254.15 754.081 3691.25 73.2946 0.0555536 0 0.0370702 0.0795146
0.426 12636.9 200.087 0 12432.5 1304.32 1256.1 754.055 3691.3 73.3303 0.0537436 0 0.0357317 0.0795013
0.427 12628 200.038 0 12430.6 1304.47 1257.98 754.028 3691.34 73.3648 0.0519486 0 0.0344445 0.0794872
0.428 12619 199.989 0 12428.5 1304.63 1259.8 753.998 3691.39 73.398 0.0501364 0 0.033207 0.079472
0.429 12609.7 199.937 0 12426.2 1304.78 1261.56 753.967 3691.44 73.43 0.0482902 0 0.0320174 0.079456
0.43 12600.3 199.893 0 12423.9 1304.95 1263.26 753.934 3691.48 73.4609 0.0464581 0 0.0308741 0.0794389
0.431 12590.7 199.85 0 12421.4 1305.11 1264.9 753.899 3691.53 73.4906 0.0446057 0 0.0297754 0.079421
0.432 12580.9 199.803 0 12418.8 1305.28 1266.49 753.863 3691.58 73.5193 0.0427145 0 0.0287196 0.079402
0.433 12570.9 199.766 0 12416 1305.45 1268.03 753.824 3691.64 73.5471 0.0408363 0 0.0277053 0.0793821
0.434 12560.7 199.728 0 12413.1 1305.63 1269.51 753.784 3691.69 73.5738 0.0389345 0 0.026731 0.0793612
0.435 12550.3 199.686 0 12410.1 1305.81 1270.95 753.741 3691.74 73.5996 0.0369894 0 0.0257951 0.0793393
0.436 12539.7 199.657 0 12406.9 1305.99 1272.34 753.697 3691.8 73.6245 0.0350657 0 0.0248962 0.0793164
0.437 12528.9 199.619 0 12403.6 1306.17 1273.69 753.651 3691.85 73.6485 0.0330783 0 0.0240331 0.0792926
0.438 12517.8 199.593 0 12400.2 1306.36 1274.99 753.603 3691.91 73.6717 0.0311077 0 0.0232042 0.0792677
0.439 12506.5 199.559 0 12396.6 1306.55 1276.25 753.553 3691.96 73.6941 0.0290781 0 0.0224084 0.0792418
0.44 12494.9 199.537 0 12392.9 1306.74 1277.46 753.501 3692.02 73.7158 0.0270606 0 0.0216444 0.0792148
0.441 12483.2 199.507 0 12389 1306.93 1278.64 753.446 3692.08 73.7367 0.0249808 0 0.020911 0.0791868
0.442 12471.1 199.489 0 12385 1307.13 1279.79 753.39 3692.14 73.7569 0.0229126 0 0.020207 0.0791578
0.443 12458.8 199.463 0 12380.8 1307.33 1280.89 753.332 3692.2 73.7764 0.0207783 0 0.0195313 0.0791277
0.444 12446.3 199.45 0 12376.5 1307.53 1281.97 753.271 3692.26 73.7953 0.0186543 0 0.0188828 0.0790965
0.445 12433.5 199.428 0 12372 1307.73 1283 753.209 3692.32 73.8136 0.0164609 0 0.0182604 0.0790642
0.446 12420.4 199.42 0 12367.4 1307.94 1284.01 753.144 3692.38 73.8312 0.0142764 0 0.0176632 0.0790308
0.447 12407 199.402 0 12362.6 1308.14 1284.99 753.077 3692.44 73.8483 0.0120189 0 0.0170901 0.0789963
0.448 12393.3 199.398 0 12357.7 1308.35 1285.93 753.008 3692.51 73.8649 0.00976883 0 0.0165402 0.0789607
0.449 12379.3 199.386 0 12352.6 1308.56 1286.85 752.936 3692.57 73.8809 0.00744534 0 0.0160126 0.0789239
0.45 12365.1 199.384 0 12347.3 1308.77 1287.74 752.863 3692.63 73.8964 0.00511538 0 0.0155064 0.0788859
0.451 12350.5 199.38 0 12341.9 1308.99 1288.61 752.786 3692.7 73.9114 0.00272983 0 0.0150207 0.0788468
0.452 12335.6 199.38 0 12336.3 1309.2 1289.45 752.708 3692.76 73.9259 0 0 0.0145548 0.0788064
0.453 12320.3 199.384 0 12330.6 1309.42 1290.26 752.629 3692.82 73.9401 0 0 0.0141078 0.0787647
0.454 12304.6 199.38 0 12325 1309.63 1291.06 752.55 3692.89 73.9537 0 0 0.0136791 0.078723
0.455 12288.4 199.383 0 12319.4 1309.85 1291.83 752.471 3692.96 73.967 0 0 0.0132678 0.0786813
0.456 12271.9 199.383 0 12313.8 1310.07 1292.58 752.393 3693.02 73.9799 0 0 0.0128732 0.0786396
0.457 12254.9 199.383 0 12308.2 1310.29 1293.31 752.314 3693.09 73.9924 0 0 0.0124948 0.0785979
0.458 12237.4 199.383 0 12302.5 1310.51 1294.01 752.236 3693.15 74.0045 0 0 0.0121318 0.0785562
0.459 12219.5 199.383 0 12296.9 1310.73 1294.7 752.157 3693.22 74.0163 0 0 0.0117837 0.0785145
0.46 12201.2 199.383 0 12291.3 1310.96 1295.38 752.079 3693.29 74.0277 0 0 0.0114497 0.0784729
0.461 12182.3 199.384 0 12285.7 1311.18 1296.03 752 3693.35 74.0389 0 0 0.0111295 0.0784313
0.462 12163 199.384 0 12280.1 1311.41 1296.67 751.922 3693.42 74.0497 0 0 0.0108223 0.0783896
0.463 12143.2 199.384 0 12274.5 1311.63 1297.29 751.843 3693.49 74.0602 0 0 0.0105277 0.078348
0.464 12122.8 199.384 0 12268.9 1311.86 1297.9 751.765 3693.56 74.0705 0 0 0.0102451 0.0783064
0.465 12101.9 199.385 0 12263.4 1312.09 1298.49 751.687 3693.63 74.0804 0 0 0.0099741 0.0782649
0.466 12080.5 199.385 0 12257.8 1312.32 1299.06 751.609 3693.69 74.0901 0 0 0.00971419 0.0782233
0.467 12058.5 199.385 0 12252.2 1312.54 1299.63 751.531 3693.76 74.0996 0 0 0.00946493 0.0781818
0.468 12036 199.385 0 12246.6 1312.77 1300.18 751.452 3693.83 74.1088 0 0 0.00922588 0.0781402
0.469 12012.9 199.385 0 12241 1313 1300.72 751.374 3693.9 74.1178 0 0 0.00899661 0.0780987
0.47 11989.2 199.386 0 12235.4 1313.24 1301.24 751.296 3693.97 74.1266 0 0 0.00877672 0.0780572
0.471 11964.9 199.386 0 12229.9 1313.47 1301.76 751.218 3694.04 74.1352 0 0 0.00856584 0.0780158
0.472 11940 199.386 0 12224.3 1313.7 1302.26 751.14 3694.11 74.1435 0 0 0.00836359 0.0779743
0.473 11914.5 199.387 0 12218.7 1313.93 1302.75 751.062 3694.18 74.1517 0 0 0.00816961 0.0779329
0.474 11888.3 199.387 0 12213.2 1314.16 1303.24 750.984 3694.25 74.1597 0 0 0.00798357 0.0778915
0.475 11861.5 199.387 0 12207.6 1314.4 1303.71 750.907 3694.32 74.1675 0 0 0.00780514 0.07785
0.476 11834 199.387 0 12202.1 1314.63 1304.17 750.829 3694.39 74.1751 0 0 0.007634 0.0778087
0.477 11805.8 199.388 0 12196.5 1314.87 1304.63 750.751 3694.46 74.1826 0 0 0.00746986 0.0777673
0.478 11776.9 199.388 0 12190.9 1315.1 1305.08 750.673 3694.53 74.1899 0 0 0.00731242 0.0777259
0.479 11747.3 199.388 0 12185.4 1315.34 1305.51 750.596 3694.6 74.1971 0 0 0.00716141 0.0776846
0.48 11716.4 199.41 0 12179.9 1315.57 1305.94 750.518 3694.67 74.2041 0 0 0.00701657 0.0776433
0.481 11685.3 199.341 0 12174.3 1315.81 1306.37 750.44 3694.74 74.211 0 0 0.00687763 0.077602
0.482 11654.1 199.416 0 12168.8 1316.04 1306.78 750.363 3694.81 74.2177 0 0 0.00674435 0.0775607
0.483 11620.9 199.435 0 12163.2 1316.28 1307.19 750.285 3694.88 74.2243 0 0 0.0066165 0.0775195
0.484 11587.4 199.29 0 12157.7 1316.52 1307.59 750.208 3694.95 74.2308 0 0 0.00649386 0.0774782
0.485 11553.9 199.451 0 12152.2 1316.75 1307.98 750.13 3695.03 74.2372 0 0 0.0063762 0.077437
0.486 11518.2 199.436 0 12146.6 1316.99 1308.37 750.053 3695.1 74.2435 0 0 0.00626332 0.0773958
0.487 11482.3 199.279 0 12141.1 1317.23 1308.76 749.976 3695.17 74.2496 0 0 0.00615503 0.0773546
0.488 11446.3 199.459 0 12135.6 1317.47 1309.13 749.898 3695.24 74.2557 0 0 0.00605113 0.0773135
0.489 11408 199.441 0 12130.1 1317.7 1309.5 749.821 3695.31 74.2616 0 0 0.00595144 0.0772723
0.49 11369.4 199.27 0 12124.6 1317.94 1309.87 749.744 3695.38 74.2675 0 0 0.00585578 0.0772312
0.491 11330 199.492 0 12119 1318.18 1310.23 749.667 3695.45 74.2732 0 0 0.00576399 0.0771901
0.492 11289.6 199.357 0 12113.5 1318.42 1310.59 749.589 3695.53 74.2789 0 0 0.00567591 0.077149
0.493 11248.3 199.386 0 12108 1318.66 1310.94 749.512 3695.6 74.2845 0 0 0.00559138 0.0771079
0.494 11206.1 199.404 0 12102.5 1318.89 1311.29 749.435 3695.67 74.29 0 0 0.00551026 0.0770669
0.495 11162.8 199.389 0 12097 1319.13 1311.63 749.358 3695.74 74.2955 0 0 0.0054324 0.0770259
0.496 11118.6 199.394 0 12091.5 1319.37 1311.97 749.281 3695.81 74.3008 0 0 0.00535766 0.0769849
0.497 11073.3 199.395 0 12086 1319.61 1312.31 749.204 3695.88 74.3061 0 0 0.00528593 0.0769439
0.498 11027 199.394 0 12080.5 1319.85 1312.64 749.127 3695.95 74.3113 0 0 0.00521707 0.0769029
0.499 10979.7 199.395 0 12075 1320.09 1312.97 749.051 3696.03 74.3165 0 0 0.00515096 0.076862
0.5 10931.2 199.396 0 12069.5 1320.33 1313.29 748.974 3696.1 74.3216 0 0 0.00508749 0.0768211
0.501 10881.7 199.396 0 12064.1 1320.57 1313.61 748.897 3696.17 74.3266 0 0 0.00502656 0.0767802
0.502 10831.1 199.396 0 12058.6 1320.81 1313.93 748.82 3696.24 74.3315 0 0 0.00496804 0.0767393
0.503 10779.4 199.397 0 12053.1 1321.05 1314.24 748.743 3696.31 74.3365 0 0 0.00491185 0.0766984
0.504 10726.5 199.397 0 12047.6 1321.28 1314.56 748.667 3696.39 74.3413 0 0 0.00485789 0.0766576
0.505 10672.4 199.398 0 12042.2 1321.52 1314.87 748.59 3696.46 74.3461 0 0 0.00480606 0.0766168
0.506 10617.2 199.398 0 12036.7 1321.76 1315.17 748.514 3696.53 74.3509 0 0 0.00475627 0.076576
0.507 10560.7 199.398 0 12031.2 1322 1315.48 748.437 3696.6 74.3556 0 0 0.00470845 0.0765352
0.508 10503 199.399 0 12025.8 1322.24 1315.78 748.361 3696.67 74.3602 0 0 0.0046625 0.0764944
0.509 10444.1 199.399 0 12020.3 1322.48 1316.08 748.284 3696.74 74.3649 0 0 0.00461836 0.0764537
0.51 10384 199.4 0 12014.8 1322.72 1316.37 748.208 3696.82 74.3694 0 0 0.00457594 0.076413
0.511 10322.6 199.4 0 12009.4 1322.96 1316.67 748.131 3696.89 74.374 0 0 0.00453517 0.0763723
0.512 10259.9 199.401 0 12003.9 1323.2 1316.96 748.055 3696.96 74.3785 0 0 0.00449599 0.0763316
0.513 10195.8 199.401 0 11998.5 1323.44 1317.25 747.979 3697.03 74.3829 0 0 0.00445833 0.0762909
0.514 10130.5 199.401 0 11993 1323.68 1317.54 747.902 3697.1 74.3874 0 0 0.00442213 0.0762503
0.515 10063.8 199.402 0 11987.6 1323.92 1317.82 747.826 3697.18 74.3917 0 0 0.00438732 0.0762097
0.516 9995.78 199.402 0 11982.2 1324.16 1318.11 747.75 3697.25 74.3961 0 0 0.00435385 0.0761691
0.517 9926.38 199.403 0 11976.7 1324.4 1318.39 747.674 3697.32 74.4004 0 0 0.00432166 0.0761285
0.518 9855.59 199.403 0 11971.3 1324.64 1318.67 747.598 3697.39 74.4047 0 0 0.0042907 0.076088
0.519 9783.41 199.404 0 11965.8 1324.88 1318.95 747.522 3697.46 74.409 0 0 0.00426092 0.0760474
0.52 9709.81 199.404 0 11960.4 1325.11 1319.23 747.446 3697.53 74.4132 0 0 0.00423227 0.0760069
0.521 9634.79 199.404 0 11955 1325.35 1319.5 747.37 3697.61 74.4174 0 0 0.0042047 0.0759664
0.522 9558.32 199.405 0 11949.6 1325.59 1319.78 747.294 3697.68 74.4216 0 0 0.00417816 0.075926
0.523 9480.41 199.405 0 11944.1 1325.83 1320.05 747.218 3697.75 74.4257 0 0 0.00415262 0.0758855
0.524 9401.04 199.406 0 11938.7 1326.07 1320.33 747.142 3697.82 74.4299 0 0 0.00412804 0.0758451
0.525 9320.19 199.406 0 11933.3 1326.31 1320.6 747.066 3697.89 74.434 0 0 0.00410436 0.0758047
0.526 9237.87 199.406 0 11927.9 1326.55 1320.87 746.991 3697.96 74.4381 0 0 0.00408157 0.0757643
0.527 9154.05 199.407 0 11922.5 1326.79 1321.13 746.915 3698.04 74.4421 0 0 0.00405961 0.075724
0.528 9068.74 199.407 0 11917.1 1327.03 1321.4 746.839 3698.11 74.4461 0 0 0.00403845 0.0756836
0.529 8981.92 199.407 0 11911.7 1327.27 1321.67 746.764 3698.18 74.4502 0 0 0.00401807 0.0756433
0.53 8893.6 199.408 0 11906.3 1327.5 1321.93 746.688 3698.25 74.4542 0 0 0.00399843 0.075603
0.531 8803.76 199.408 0 11900.9 1327.74 1322.2 746.612 3698.32 74.4581 0 0 0.00397949 0.0755627
0.532 8712.41 199.408 0 11895.5 1327.98 1322.46 746.537 3698.39 74.4621 0 0 0.00396124 0.0755225
0.533 8619.54 199.408 0 11890.1 1328.22 1322.72 746.461 3698.47 74.466 0 0 0.00394363 0.0754822
0.534 8525.16 199.409 0 11884.7 1328.46 1322.98 746.386 3698.54 74.47 0 0 0.00392665 0.075442
0.535 8429.26 199.409 0 11879.3 1328.7 1323.24 746.311 3698.61 74.4739 0 0 0.00391027 0.0754018
0.536 8331.84 199.409 0 11873.9 1328.93 1323.5 746.235 3698.68 74.4778 0 0 0.00389446 0.0753616
0.537 8232.92 199.409 0 11868.6 1329.17 1323.76 746.16 3698.75 74.4817 0 0 0.00387921 0.0753215
0.538 8132.49 199.409 0 11863.2 1329.41 1324.02 746.085 3698.82 74.4855 0 0 0.00386448 0.0752814
0.539 8030.57 199.409 0 11857.8 1329.65 1324.28 746.009 3698.89 74.4894 0 0 0.00385025 0.0752413
0.54 7927.16 199.409 0 11852.4 1329.89 1324.53 745.934 3698.97 74.4932 0 0 0.00383651 0.0752012
0.541 7822.28 199.409 0 11847.1 1330.12 1324.79 745.859 3699.04 74.497 0 0 0.00382323 0.0751611
0.542 7715.93 199.409 0 11841.7 1330.36 1325.05 745.784 3699.11 74.5008 0 0 0.0038104 0.0751211
0.543 7608.14 199.409 0 11836.3 1330.6 1325.3 745.709 3699.18 74.5046 0 0 0.003798 0.075081
0.544 7498.93 199.409 0 11831 1330.84 1325.55 745.634 3699.25 74.5084 0 0 0.00378601 0.075041
0.545 7388.3 199.409 0 11825.6 1331.08 1325.81 745.559 3699.32 74.5122 0 0 0.00377441 0.075001
0.546 7276.29 199.409 0 11820.3 1331.31 1326.06 745.484 3699.39 74.516 0 0 0.00376318 0.0749611
0.547 7162.91 199.408 0 11814.9 1331.55 1326.31 745.409 3699.46 74.5197 0 0 0.00375232 0.0749211
0.548 7048.19 199.408 0 11809.6 1331.79 1326.56 745.334 3699.54 74.5235 0 0 0.0037418 0.0748812
0.549 6932.17 199.408 0 11804.2 1332.02 1326.81 745.259 3699.61 74.5272 0 0 0.00373162 0.0748413
0.55 6814.87 199.407 0 11798.9 1332.26 1327.06 745.184 3699.68 74.5309 0 0 0.00372175 0.0748014
0.551 6696.33 199.407 0 11793.5 1332.5 1327.31 745.11 3699.75 74.5346 0 0 0.00371219 0.0747616
0.552 6576.58 199.406 0 11788.2 1332.73 1327.56 745.035 3699.82 74.5383 0 0 0.00370292 0.0747218
0.553 6455.66 199.405 0 11782.9 1332.97 1327.81 744.96 3699.89 74.542 0 0 0.00369393 0.0746819
0.554 6333.62 199.404 0 11777.5 1333.21 1328.06 744.886 3699.96 74.5457 0 0 0.00368521 0.0746421
0.555 6210.5 199.404 0 11772.2 1333.44 1328.31 744.811 3700.03 74.5494 0 0 0.00367675 0.0746024
0.556 6086.34 199.403 0 11766.9 1333.68 1328.56 744.736 3700.1 74.5531 0 0 0.00366854 0.0745626
0.557 5961.2 199.402 0 11761.6 1333.92 1328.8 744.662 3700.17 74.5567 0 0 0.00366056 0.0745229
0.558 5835.13 199.4 0 11756.2 1334.15 1329.05 744.587 3700.25 74.5604 0 0 0.00365281 0.0744832
0.559 5708.18 199.399 0 11750.9 1334.39 1329.3 744.513 3700.32 74.564 0 0 0.00364528 0.0744435
0.56 5580.42 199.398 0 11745.6 1334.62 1329.54 744.439 3700.39 74.5677 0 0 0.00363796 0.0744038
0.561 5451.9 199.396 0 11740.3 1334.86 1329.79 744.364 3700.46 74.5713 0 0 0.00363085 0.0743642
0.562 5322.7 199.395 0 11735 1335.1 1330.03 744.29 3700.53 74.5749 0 0 0.00362392 0.0743246
0.563 5192.87 199.393 0 11729.7 1335.33 1330.28 744.216 3700.6 74.5785 0 0 0.00361718 0.074285
0.564 5062.49 199.391 0 11724.4 1335.57 1330.52 744.141 3700.67 74.5821 0 0 0.00361061 0.0742454
0.565 4931.64 199.389 0 11719.1 1335.8 1330.76 744.067 3700.74 74.5857 0 0 0.00360422 0.0742058
0.566 4800.39 199.387 0 11713.8 1336.04 1331.01 743.993 3700.81 74.5893 0 0 0.00359799 0.0741663
0.567 4668.81 199.384 0 11708.5 1336.27 1331.25 743.919 3700.88 74.5929 0 0 0.00359191 0.0741267
0.568 4537 199.382 0 11703.2 1336.51 1331.5 743.845 3700.95 74.5965 0 0 0.00358599 0.0740872
0.569 4405.04 199.379 0 11697.9 1336.74 1331.74 743.771 3701.02 74.6001 0 0 0.00358021 0.0740478
0.57 4273.01 199.377 0 11692.6 1336.98 1331.98 743.697 3701.09 74.6037 0 0 0.00357457 0.0740083
0.571 4141.01 199.374 0 11687.3 1337.21 1332.22 743.623 3701.16 74.6072 0 0 0.00356906 0.0739689
0.572 4009.13 199.37 0 11682.1 1337.45 1332.46 743.549 3701.23 74.6108 0 0 0.00356367 0.0739295
0.573 3877.46 199.367 0 11676.8 1337.68 1332.71 743.475 3701.3 74.6144 0 0 0.00355841 0.0738901
0.574 3746.11 199.364 0 11671.5 1337.92 1332.95 743.401 3701.37 74.6179 0 0 0.00355327 0.0738507
0.575 3615.18 199.36 0 11666.2 1338.15 1333.19 743.327 3701.44 74.6215 0 0 0.00354824 0.0738113
0.576 3484.77 199.356 0 11661 1338.38 1333.43 743.253 3701.52 74.625 0 0 0.00354332 0.073772
0.577 3354.99 199.352 0 11655.7 1338.62 1333.67 743.18 3701.59 74.6285 0 0 0.0035385 0.0737327
0.578 3225.93 199.347 0 11650.4 1338.85 1333.91 743.106 3701.66 74.6321 0 0 0.00353378 0.0736934
0.579 3097.73 199.343 0 11645.2 1339.09 1334.15 743.032 3701.73 74.6356 0 0 0.00352916 0.0736541
0.58 2970.47 199.338 0 11639.9 1339.32 1334.39 742.959 3701.8 74.6391 0 0 0.00352462 0.0736149
0.581 2844.29 199.333 0 11634.7 1339.55 1334.63 742.885 3701.87 74.6426 0 0 0.00352018 0.0735757
0.582 2719.29 199.327 0 11629.4 1339.79 1334.87 742.812 3701.94 74.6462 0 0 0.00351582 0.0735365
0.583 2595.59 199.322 0 11624.2 1340.02 1335.11 742.738 3702.01 74.6497 0 0 0.00351154 0.0734973
0.584 2473.31 199.316 0 11618.9 1340.25 1335.35 742.665 3702.08 74.6532 0 0 0.00350734 0.0734581
0.585 2352.56 199.31 0 11613.7 1340.49 1335.59 742.591 3702.15 74.6567 0 0 0.00350321 0.073419
0.586 2233.47 199.304 0 11608.4 1340.72 1335.82 742.518 3702.22 74.6602 0 0 0.00349915 0.0733798
0.587 2116.15 199.297 0 11603.2 1340.95 1336.06 742.445 3702.29 74.6637 0 0 0.00349517 0.0733407
0.588 2000.73 199.29 0 11597.9 1341.18 1336.3 742.371 3702.36 74.6672 0 0 0.00349125 0.0733017
0.589 1887.33 199.283 0 11592.7 1341.42 1336.54 742.298 3702.42 74.6707 0 0 0.00348739 0.0732626
0.59 1776.06 199.275 0 11587.5 1341.65 1336.78 742.225 3702.49 74.6741 0 0 0.00348359 0.0732236
0.591 1667.06 199.267 0 11582.3 1341.88 1337.01 742.152 3702.56 74.6776 0 0 0.00347986 0.0731845
0.592 1560.44 199.259 0 11577 1342.11 1337.25 742.078 3702.63 74.6811 0 0 0.00347618 0.0731455
0.593 1456.32 199.251 0 11571.8 1342.35 1337.49 742.005 3702.7 74.6846 0 0 0.00347255 0.0731066
0.594 1354.83 199.242 0 11566.6 1342.58 1337.73 741.932 3702.77 74.688 0 0 0.00346897 0.0730676
0.595 1256.27 199.233 0 11561.4 1342.81 1336.67 741.859 3702.84 74.6727 0 0.0188336 0.00346545 0.0730287
0.596 1161.15 199.281 0 11556.2 1343.04 1331.95 741.786 3702.91 74.6034 0 0.0736304 0.00438216 0.0729897
0.597 1069.54 199.429 0 11550.9 1343.25 1324.05 741.713 3702.98 74.4871 0 0.124206 0.00792191 0.0729509
0.598 981.346 199.764 0 11545.7 1343.44 1313.92 741.64 3703.03 74.3371 0 0.167584 0.0175857 0.0728928
0.599 896.757 199.972 0 11540.5 1343.6 1301.55 741.568 3703.08 74.1524 0 0.210499 0.0257774 0.0728544
0.6 815.839 200.028 0 11535.3 1343.74 1286.65 741.495 3703.12 73.9275 0 0.254913 0.0300314 0.0728353
0.601 738.54 200.515 0 11530.1 1343.83 1270.94 741.422 3703.15 73.6878 0 0.286412 0.0466886 0.0727782
0.602 664.995 200.833 0 11524.9 1343.87 1253.99 741.349 3703.16 73.4261 0 0.320172 0.0584164 0.0727406
0.603 595.275 201.186 0 11519.7 1343.88 1236.09 741.276 3703.16 73.1458 0 0.351139 0.0708906 0.0727033
0.604 529.456 201.563 0 11514.6 1343.84 1217.47 741.204 3703.15 72.8503 0 0.37943 0.0839278 0.0726663
0.605 467.625 201.968 0 11509.4 1343.76 1198.37 741.131 3703.13 72.5425 0 0.405126 0.0973567 0.0726297
0.606 409.872 202.395 0 11504.2 1343.63 1178.98 741.059 3703.09 72.2253 0 0.428297 0.111028 0.0725934
0.607 356.293 202.843 0 11499 1343.46 1159.48 740.986 3703.04 71.9011 0 0.448997 0.124809 0.0725574
0.608 306.984 203.31 0 11493.8 1343.24 1140.02 740.914 3702.97 71.5724 0 0.467266 0.138579 0.0725218
0.609 262.046 203.793 0 11488.6 1342.97 1120.74 740.841 3702.89 71.2415 0 0.483131 0.152234 0.0724866
0.61 221.573 204.289 0 11483.5 1342.66 1101.77 740.769 3702.8 70.9106 0 0.496613 0.16568 0.0724516
0.611 185.65 204.797 0 11478.3 1342.31 1083.21 740.696 3702.69 70.5817 0 0.507728 0.178833 0.0724171
0.612 154.345 205.313 0 11473.1 1341.91 1065.18 740.624 3702.57 70.2568 0 0.516492 0.191619 0.0723828
0.613 127.697 205.837 0 11468 1341.47 1047.75 740.551 3702.44 69.9378 0 0.522926 0.203973 0.0723489
0.614 105.711 206.364 0 11462.8 1340.99 1031.01 740.479 3702.3 69.6266 0 0.527067 0.215837 0.0723153
0.615 88.3551 206.894 0 11457.6 1340.47 1015.01 740.407 3702.14 69.3248 0 0.528962 0.227162 0.0722819
0.616 75.5908 207.403 0 11452.5 1339.92 999.821 740.335 3701.98 69.034 0 0.528703 0.237904 0.0722489
0.617 67.2841 207.942 0 11447.3 1339.34 985.487 740.262 3701.8 68.7558 0 0.526275 0.248028 0.0722161
0.618 63.4124 208.473 0 11442.2 1338.72 972.051 740.19 3701.62 68.4915 0 0.521816 0.257503 0.0721836
0.619 63.9349 208.993 0 11437 1338.07 959.548 740.118 3701.42 68.2424 0 0.515366 0.2663 0.0721513
0.62 66.6458 209.495 0 11431.8 1337.41 947.612 740.046 3701.22 68.0018 0 0.511009 0.270374 0.0721352
0.621 69.3054 209.89 0 11426.7 1336.72 936.609 739.974 3701.02 67.7774 0 0.502817 0.278427 0.0721031
0.622 71.9135 210.321 0 11421.6 1336.01 926.452 739.902 3700.8 67.568 0 0.49512 0.285796 0.0720713
0.623 74.4677 211.148 0 11416.4 1335.28 917.094 739.83 3700.58 67.3733 0 0.48733 0.292542 0.0720396
0.624 76.9861 211.465 0 11411.3 1334.52 908.427 739.758 3700.36 67.1912 0 0.480779 0.298701 0.0720081
0.625 79.4611 211.946 0 11406.1 1333.75 900.403 739.686 3700.12 67.0211 0 0.474391 0.304352 0.0719767
0.626 81.8981 212.407 0 11401 1332.95 892.965 739.614 3699.89 66.8623 0 0.468412 0.30953 0.0719455
0.627 84.2989 212.874 0 11395.8 1332.15 886.066 739.542 3699.64 66.7138 0 0.462774 0.314277 0.0719145
0.628 86.6661 213.33 0 11390.7 1331.32 879.66 739.47 3699.4 66.5749 0 0.457472 0.318628 0.0718836
0.629 89.0015 213.782 0 11385.6 1330.49 873.709 739.398 3699.15 66.4451 0 0.452468 0.322616 0.0718528
0.63 91.3069 214.23 0 11380.4 1329.64 868.176 739.326 3698.89 66.3236 0 0.447741 0.32627 0.0718221
0.631 93.584 214.673 0 11375.3 1328.78 863.028 739.254 3698.63 66.2099 0 0.44327 0.329617 0.0717915
0.632 95.8344 215.112 0 11370.2 1327.91 858.237 739.183 3698.37 66.1036 0 0.439036 0.33268 0.071761
0.633 98.0596 215.547 0 11365.1 1327.03 853.776 739.111 3698.11 66.004 0 0.435019 0.33548 0.0717306
0.634 100.261 215.978 0 11359.9 1326.14 849.62 739.039 3697.84 65.9109 0 0.431206 0.338039 0.0717003
0.635 102.44 216.405 0 11354.8 1325.25 845.747 738.968 3697.57 65.8237 0 0.427579 0.340374 0.07167
0.636 104.597 216.829 0 11349.7 1324.34 842.137 738.896 3697.3 65.742 0 0.424128 0.3425 0.0716399
0.637 106.733 217.25 0 11344.6 1323.44 838.77 738.824 3697.03 65.6656 0 0.420838 0.344434 0.0716098
0.638 108.851 217.667 0 11339.5 1322.52 835.631 738.753 3696.76 65.5941 0 0.417699 0.346189 0.0715797
0.639 110.95 218.082 0 11334.4 1321.6 832.703 738.681 3696.48 65.5272 0 0.414701 0.347777 0.0715498
0.64 113.031 218.494 0 11329.3 1320.67 829.972 738.61 3696.2 65.4646 0 0.411834 0.349211 0.0715198
0.641 115.095 218.903 0 11324.2 1319.74 827.425 738.538 3695.92 65.406 0 0.409089 0.350501 0.07149
0.642 117.144 219.309 0 11319.1 1318.81 825.049 738.467 3695.64 65.3512 0 0.406458 0.351656 0.0714601
0.643 119.178 219.713 0 11314 1317.87 822.832 738.395 3695.36 65.2999 0 0.403934 0.352686 0.0714303
0.644 121.196 220.115 0 11308.9 1316.93 820.765 738.324 3695.08 65.252 0 0.401509 0.3536 0.0714006
0.645 123.201 220.514 0 11303.8 1315.99 818.838 738.253 3694.8 65.2073 0 0.399179 0.354404 0.0713709
0.646 125.193 220.911 0 11298.7 1315.04 817.041 738.181 3694.51 65.1654 0 0.396936 0.355107 0.0713412
0.647 127.172 221.305 0 11293.6 1314.09 815.367 738.11 3694.23 65.1264 0 0.394774 0.355715 0.0713116
0.648 129.139 221.698 0 11288.5 1313.14 813.807 738.039 3693.94 65.0899 0 0.39269 0.356234 0.0712819
0.649 131.094 222.089 0 11283.4 1312.19 812.354 737.967 3693.66 65.0559 0 0.390678 0.35667 0.0712524
0.65 133.038 222.477 0 11278.3 1311.24 811.002 737.896 3693.37 65.0242 0 0.388734 0.357028 0.0712228
0.651 134.972 222.864 0 11273.2 1310.29 809.744 737.825 3693.09 64.9947 0 0.386854 0.357313 0.0711933
0.652 136.895 223.249 0 11268.1 1309.33 808.574 737.754 3692.8 64.9672 0 0.385033 0.35753 0.0711638
0.653 138.808 223.632 0 11263 1308.38 807.487 737.683 3692.51 64.9416 0 0.383269 0.357684 0.0711343
0.654 140.712 224.014 0 11258 1307.42 806.479 737.612 3692.23 64.9178 0 0.381557 0.357778 0.0711048
0.655 142.607 224.394 0 11252.9 1306.46 805.543 737.54 3691.94 64.8957 0 0.379895 0.357816 0.0710753
0.656 144.493 224.772 0 11247.8 1305.51 804.676 737.469 3691.65 64.8752 0 0.378281 0.357801 0.0710459
0.657 146.371 225.149 0 11242.7 1304.55 803.874 737.398 3691.37 64.8563 0 0.37671 0.357738 0.0710165
0.658 148.24 225.524 0 11237.7 1303.6 803.133 737.327 3691.08 64.8387 0 0.375181 0.357628 0.0709871
0.659 150.102 225.897 0 11232.6 1302.64 802.448 737.256 3690.79 64.8225 0 0.373691 0.357475 0.0709577
0.66 151.956 226.27 0 11227.5 1301.69 801.817 737.186 3690.51 64.8075 0 0.372238 0.357282 0.0709283
0.661 153.804 226.64 0 11222.5 1300.73 801.237 737.115 3690.22 64.7938 0 0.37082 0.357051 0.0708989
0.662 155.644 227.01 0 11217.4 1299.78 800.704 737.044 3689.93 64.7811 0 0.369435 0.356784 0.0708696
0.663 157.477 227.378 0 11212.4 1298.83 800.216 736.973 3689.65 64.7695 0 0.368081 0.356484 0.0708402
0.664 159.305 227.745 0 11207.3 1297.88 799.769 736.902 3689.36 64.7589 0 0.366756 0.356153 0.0708109
0.665 161.126 228.11 0 11202.2 1296.93 799.363 736.831 3689.08 64.7493 0 0.365459 0.355792 0.0707816
0.666 162.941 228.474 0 11197.2 1295.98 798.994 736.761 3688.79 64.7405 0 0.364188 0.355404 0.0707522
0.667 164.75 228.837 0 11192.1 1295.03 798.66 736.69 3688.51 64.7325 0 0.362941 0.35499 0.0707229
0.668 166.553 229.199 0 11187.1 1294.09 798.359 736.619 3688.23 64.7253 0 0.361718 0.354552 0.0706936
0.669 168.352 229.559 0 11182 1293.14 798.089 736.549 3687.94 64.7189 0 0.360517 0.354091 0.0706643
0.67 170.145 229.919 0 11177 1292.2 797.848 736.478 3687.66 64.7132 0 0.359337 0.353609 0.070635
0.671 171.933 230.277 0 11171.9 1291.26 797.635 736.407 3687.38 64.7081 0 0.358176 0.353107 0.0706057
0.672 173.716 230.634 0 11166.9 1290.32 797.449 736.337 3687.09 64.7037 0 0.357034 0.352586 0.0705764
0.673 175.495 230.99 0 11161.9 1289.38 797.287 736.266 3686.81 64.6998 0 0.35591 0.352048 0.0705471
0.674 177.269 231.344 0 11156.8 1288.44 797.148 736.196 3686.53 64.6965 0 0.354802 0.351493 0.0705178
0.675 179.039 231.698 0 11151.8 1287.51 797.031 736.125 3686.25 64.6937 0 0.35371 0.350923 0.0704885
0.676 180.804 232.051 0 11146.8 1286.57 796.935 736.055 3685.97 64.6914 0 0.352633 0.350339 0.0704592
0.677 182.566 232.402 0 11141.7 1285.64 796.858 735.984 3685.69 64.6896 0 0.351571 0.349742 0.0704299
0.678 184.324 232.753 0 11136.7 1284.71 796.8 735.914 3685.41 64.6882 0 0.350522 0.349131 0.0704007
0.679 186.077 233.102 0 11131.7 1283.79 796.759 735.843 3685.14 64.6872 0 0.349485 0.348509 0.0703714
0.68 187.827 233.451 0 11126.7 1282.86 796.735 735.773 3684.86 64.6866 0 0.34846 0.347876 0.0703421
0.681 189.574 233.798 0 11121.6 1281.94 796.726 735.703 3684.58 64.6864 0 0.347447 0.347233 0.0703128
0.682 191.317 234.145 0 11116.6 1281.02 796.731 735.633 3684.31 64.6866 0 0.346445 0.34658 0.0702835
0.683 193.057 234.49 0 11111.6 1280.1 796.751 735.562 3684.03 64.687 0 0.345453 0.345918 0.0702542
0.684 194.794 234.835 0 11106.6 1279.18 796.783 735.492 3683.75 64.6878 0 0.344471 0.345248 0.070225
0.685 196.527 235.178 0 11101.6 1278.27 796.828 735.422 3683.48 64.6889 0 0.343498 0.34457 0.0701957
0.686 198.258 235.521 0 11096.6 1277.35 796.885 735.352 3683.21 64.6902 0 0.342534 0.343885 0.0701664
0.687 199.985 235.862 0 11091.5 1276.44 796.952 735.282 3682.93 64.6918 0 0.341579 0.343192 0.0701371
0.688 201.71 236.203 0 11086.5 1275.54 797.031 735.211 3682.66 64.6937 0 0.340631 0.342494 0.0701078
0.689 203.432 236.542 0 11081.5 1274.63 797.119 735.141 3682.39 64.6958 0 0.339691 0.34179 0.0700786
0.69 205.151 236.881 0 11076.5 1273.73 797.216 735.071 3682.12 64.6981 0 0.338758 0.34108 0.0700493
0.691 206.868 237.219 0 11071.5 1272.83 797.322 735.001 3681.85 64.7007 0 0.337832 0.340365 0.07002
0.692 208.583 237.556 0 11066.5 1271.93 797.437 734.931 3681.58 64.7034 0 0.336912 0.339645 0.0699907
0.693 210.295 237.892 0 11061.5 1271.03 797.559 734.861 3681.31 64.7063 0 0.335998 0.338922 0.0699614
0.694 212.005 238.227 0 11056.5 1270.14 797.69 734.791 3681.04 64.7094 0 0.335091 0.338194 0.0699321
0.695 213.712 238.561 0 11051.5 1269.24 797.827 734.722 3680.77 64.7127 0 0.334189 0.337462 0.0699028
0.696 215.418 238.894 0 11046.5 1268.35 797.971 734.652 3680.51 64.7161 0 0.333292 0.336727 0.0698735
0.697 217.121 239.227 0 11041.6 1267.47 798.122 734.582 3680.24 64.7197 0 0.332401 0.335988 0.0698442
0.698 218.822 239.558 0 11036.6 1266.58 798.278 734.512 3679.97 64.7234 0 0.331514 0.335247 0.0698149
0.699 220.522 239.889 0 11031.6 1265.7 798.441 734.442 3679.71 64.7273 0 0.330632 0.334503 0.0697856
0.7 222.219 240.219 0 11026.6 1264.82 798.609 734.372 3679.45 64.7313 0 0.329754 0.333757 0.0697563
0.701 223.915 240.548 0 11021.6 1263.94 798.782 734.303 3679.18 64.7354 0 0.328881 0.333008 0.069727
0.702 225.609 240.876 0 11016.6 1263.07 798.961 734.233 3678.92 64.7397 0 0.328012 0.332257 0.0696977
0.703 227.301 241.203 0 11011.7 1262.19 799.144 734.163 3678.66 64.7441 0 0.327146 0.331505 0.0696684
0.704 228.991 241.529 0 11006.7 1261.32 799.332 734.094 3678.4 64.7485 0 0.326284 0.330751 0.0696391
0.705 230.68 241.854 0 11001.7 1260.46 799.524 734.024 3678.14 64.7531 0 0.325426 0.329995 0.0696098
0.706 232.368 242.179 0 10996.8 1259.59 799.72 733.955 3677.88 64.7578 0 0.324571 0.329238 0.0695805
0.707 234.054 242.503 0 10991.8 1258.73 799.92 733.885 3677.62 64.7625 0 0.323719 0.328479 0.0695512
0.708 235.738 242.826 0 10986.8 1257.87 800.124 733.815 3677.36 64.7674 0 0.322871 0.32772 0.0695218
0.709 237.421 243.148 0 10981.9 1257.01 800.332 733.746 3677.1 64.7723 0 0.322025 0.326959 0.0694925
0.71 239.103 243.469 0 10976.9 1256.15 800.543 733.677 3676.85 64.7773 0 0.321183 0.326198 0.0694632
0.711 240.784 243.789 0 10971.9 1255.3 800.758 733.607 3676.59 64.7824 0 0.320343 0.325436 0.0694339
0.712 242.463 244.109 0 10967 1254.45 800.975 733.538 3676.33 64.7876 0 0.319505 0.324673 0.0694045
0.713 244.141 244.427 0 10962 1253.6 801.196 733.468 3676.08 64.7928 0 0.31867 0.32391 0.0693752
0.714 245.818 244.745 0 10957.1 1252.75 801.42 733.399 3675.83 64.7981 0 0.317838 0.323146 0.0693459
0.715 247.493 245.062 0 10952.1 1251.91 801.646 733.33 3675.57 64.8035 0 0.317008 0.322382 0.0693165
0.716 249.168 245.378 0 10947.2 1251.07 801.875 733.26 3675.32 64.8089 0 0.31618 0.321618 0.0692872
0.717 250.842 245.694 0 10942.2 1250.23 802.107 733.191 3675.07 64.8144 0 0.315354 0.320853 0.0692578
0.718 252.514 246.008 0 10937.3 1249.4 802.342 733.122 3674.82 64.82 0 0.314531 0.320089 0.0692285
0.719 254.186 246.322 0 10932.3 1248.56 802.579 733.053 3674.57 64.8256 0 0.313709 0.319324 0.0691991
0.72 255.857 246.635 0 10927.4 1247.73 802.818 732.983 3674.32 64.8313 0 0.31289 0.318559 0.0691698
0.721 257.526 246.947 0 10922.5 1246.9 803.06 732.914 3674.07 64.837 0 0.312072 0.317794 0.0691404
0.722 259.195 247.258 0 10917.5 1246.07 803.303 732.845 3673.82 64.8428 0 0.311256 0.31703 0.0691111
0.723 260.863 247.569 0 10912.6 1245.25 803.549 732.776 3673.58 64.8486 0 0.310442 0.316265 0.0690817
0.724 262.531 247.878 0 10907.7 1244.43 803.797 732.707 3673.33 64.8545 0 0.30963 0.315501 0.0690524
0.725 264.197 248.187 0 10902.7 1243.61 804.048 732.638 3673.08 64.8604 0 0.308819 0.314737 0.069023
0.726 265.863 248.495 0 10897.8 1242.79 804.3 732.569 3672.84 64.8663 0 0.30801 0.313973 0.0689936
0.727 267.528 248.802 0 10892.9 1241.98 804.554 732.5 3672.59 64.8724 0 0.307202 0.31321 0.0689643
0.728 269.192 249.109 0 10887.9 1241.17 804.81 732.431 3672.35 64.8784 0 0.306396 0.312447 0.0689349
0.729 270.856 249.414 0 10883 1240.36 805.068 732.362 3672.11 64.8845 0 0.305592 0.311684 0.0689055
0.73 272.519 249.719 0 10878.1 1239.55 805.327 732.293 3671.87 64.8906 0 0.304789 0.310922 0.0688762
0.731 274.181 250.023 0 10873.2 1238.75 805.589 732.225 3671.62 64.8968 0 0.303987 0.31016 0.0688468
0.732 275.843 250.326 0 10868.3 1237.95 805.852 732.156 3671.38 64.903 0 0.303186 0.309399 0.0688174
0.733 277.504 250.628 0 10863.4 1237.15 806.117 732.087 3671.14 64.9093 0 0.302387 0.308638 0.068788
0.734 279.165 250.93 0 10858.4 1236.35 806.383 732.018 3670.9 64.9156 0 0.30159 0.307878 0.0687586
0.735 280.825 251.231 0 10853.5 1235.55 806.651 731.949 3670.67 64.9219 0 0.300793 0.307118 0.0687292
0.736 282.485 251.531 0 10848.6 1234.76 806.921 731.881 3670.43 64.9282 0 0.299998 0.306359 0.0686999
0.737 284.144 251.83 0 10843.7 1233.97 807.192 731.812 3670.19 64.9346 0 0.299204 0.305601 0.0686705
0.738 285.803 252.128 0 10838.8 1233.18 807.465 731.743 3669.96 64.9411 0 0.298411 0.304843 0.0686411
0.739 287.461 252.426 0 10833.9 1232.4 807.74 731.675 3669.72 64.9475 0 0.297619 0.304085 0.0686117
0.74 289.118 252.723 0 10829 1231.62 808.016 731.606 3669.49 64.954 0 0.296829 0.303329 0.0685823
0.741 290.776 253.019 0 10824.1 1230.84 808.293 731.538 3669.25 64.9606 0 0.296039 0.302573 0.0685529
0.742 292.433 253.314 0 10819.2 1230.06 808.572 731.469 3669.02 64.9671 0 0.295251 0.301817 0.0685235
0.743 294.089 253.609 0 10814.3 1229.28 808.853 731.401 3668.79 64.9737 0 0.294464 0.301063 0.0684941
0.744 295.746 253.902 0 10809.4 1228.51 809.135 731.332 3668.55 64.9804 0 0.293677 0.300308 0.0684646
0.745 297.401 254.195 0 10804.6 1227.74 809.418 731.264 3668.32 64.987 0 0.292892 0.299555 0.0684352
0.746 299.057 254.487 0 10799.7 1226.97 809.703 731.195 3668.09 64.9937 0 0.292108 0.298802 0.0684058
0.747 300.712 254.779 0 10794.8 1226.21 809.989 731.127 3667.86 65.0005 0 0.291325 0.29805 0.0683764
0.748 302.367 255.069 0 10789.9 1225.44 810.277 731.059 3667.63 65.0072 0 0.290543 0.297299 0.068347
0.749 304.021 255.359 0 10785 1224.68 810.566 730.99 3667.41 65.014 0 0.289761 0.296549 0.0683176
0.75 305.676 255.648 0 10780.1 1223.93 810.856 730.922 3667.18 65.0208 0 0.288981 0.295799 0.0682881
0.751 307.329 255.936 0 10775.3 1223.17 811.148 730.854 3666.95 65.0277 0 0.288202 0.29505 0.0682587
0.752 308.983 256.224 0 10770.4 1222.42 811.441 730.786 3666.72 65.0345 0 0.287424 0.294301 0.0682293
0.753 310.637 256.51 0 10765.5 1221.66 811.736 730.717 3666.5 65.0414 0 0.286646 0.293553 0.0681999
0.754 312.29 256.796 0 10760.7 1220.92 812.032 730.649 3666.27 65.0484 0 0.28587 0.292807 0.0681704
0.755 313.943 257.081 0 10755.8 1220.17 812.329 730.581 3666.05 65.0553 0 0.285094 0.29206 0.068141
0.756 315.595 257.365 0 10750.9 1219.43 812.627 730.513 3665.83 65.0623 0 0.28432 0.291315 0.0681116
0.757 317.248 257.649 0 10746.1 1218.68 812.927 730.445 3665.61 65.0694 0 0.283546 0.29057 0.0680821
0.758 318.9 257.932 0 10741.2 1217.94 813.229 730.377 3665.38 65.0764 0 0.282773 0.289826 0.0680527
0.759 320.552 258.214 0 10736.3 1217.21 813.531 730.309 3665.16 65.0835 0 0.282001 0.289083 0.0680233
0.76 322.204 258.495 0 10731.5 1216.47 813.835 730.241 3664.94 65.0906 0 0.28123 0.28834 0.0679938
0.761 323.855 258.775 0 10726.6 1215.74 814.14 730.173 3664.72 65.0977 0 0.28046 0.287599 0.0679644
0.762 325.507 259.055 0 10721.8 1215.01 814.447 730.105 3664.5 65.1049 0 0.279691 0.286858 0.0679349
0.763 327.158 259.334 0 10716.9 1214.28 814.755 730.037 3664.29 65.1121 0 0.278923 0.286118 0.0679055
0.764 328.809 259.612 0 10712.1 1213.56 815.064 729.969 3664.07 65.1193 0 0.278155 0.285378 0.067876
0.765 330.46 259.89 0 10707.2 1212.84 815.374 729.901 3663.85 65.1266 0 0.277388 0.284639 0.0678466
0.766 332.111 260.166 0 10702.4 1212.12 815.686 729.833 3663.63 65.1339 0 0.276622 0.283901 0.0678171
0.767 333.761 260.442 0 10697.5 1211.4 815.999 729.766 3663.42 65.1412 0 0.275857 0.283164 0.0677877
0.768 335.411 260.717 0 10692.7 1210.68 816.314 729.698 3663.2 65.1485 0 0.275093 0.282428 0.0677582
0.769 337.061 260.992 0 10687.9 1209.97 816.629 729.63 3662.99 65.1559 0 0.27433 0.281692 0.0677287
0.77 338.711 261.265 0 10683 1209.26 816.946 729.562 3662.78 65.1633 0 0.273567 0.280957 0.0676993
0.771 340.361 261.538 0 10678.2 1208.55 817.265 729.495 3662.57 65.1707 0 0.272806 0.280223 0.0676698
0.772 342.011 261.81 0 10673.4 1207.84 817.584 729.427 3662.35 65.1781 0 0.272045 0.27949 0.0676404
0.773 343.66 262.081 0 10668.5 1207.14 817.905 729.36 3662.14 65.1856 0 0.271285 0.278757 0.0676109
0.774 345.31 262.352 0 10663.7 1206.44 818.227 729.292 3661.93 65.1931 0 0.270526 0.278025 0.0675814
0.775 346.959 262.622 0 10658.9 1205.74 818.551 729.224 3661.72 65.2006 0 0.269767 0.277294 0.067552
0.776 348.608 262.891 0 10654.1 1205.04 818.876 729.157 3661.51 65.2082 0 0.26901 0.276563 0.0675225
0.777 350.257 263.159 0 10649.2 1204.35 819.202 729.089 3661.3 65.2158 0 0.268253 0.275834 0.067493
0.778 351.905 263.426 0 10644.4 1203.66 819.529 729.022 3661.1 65.2234 0 0.267497 0.275105 0.0674635
0.779 353.554 263.693 0 10639.6 1202.97 819.857 728.955 3660.89 65.231 0 0.266742 0.274377 0.0674341
0.78 355.202 263.959 0 10634.8 1202.28 820.187 728.887 3660.68 65.2387 0 0.265988 0.273649 0.0674046
0.781 356.85 264.224 0 10630 1201.59 820.518 728.82 3660.48 65.2463 0 0.265235 0.272923 0.0673751
0.782 358.499 264.489 0 10625.2 1200.91 820.851 728.752 3660.27 65.2541 0 0.264482 0.272197 0.0673456
0.783 360.146 264.752 0 10620.4 1200.23 821.185 728.685 3660.07 65.2618 0 0.26373 0.271471 0.0673161
0.784 361.794 265.015 0 10615.6 1199.55 821.519 728.618 3659.87 65.2696 0 0.26298 0.270747 0.0672867
0.785 363.442 265.278 0 10610.8 1198.88 821.856 728.551 3659.66 65.2774 0 0.26223 0.270023 0.0672572
0.786 365.089 265.539 0 10605.9 1198.2 822.193 728.483 3659.46 65.2852 0 0.26148 0.2693 0.0672277
0.787 366.736 265.8 0 10601.1 1197.53 822.532 728.416 3659.26 65.293 0 0.260732 0.268578 0.0671982
0.788 368.383 266.06 0 10596.4 1196.86 822.872 728.349 3659.06 65.3009 0 0.259984 0.267857 0.0671687
0.789 370.03 266.319 0 10591.6 1196.2 823.213 728.282 3658.86 65.3088 0 0.259237 0.267136 0.0671392
0.79 371.676 266.578 0 10586.8 1195.53 823.556 728.215 3658.66 65.3167 0 0.258491 0.266416 0.0671097
0.791 373.323 266.835 0 10582 1194.87 823.899 728.148 3658.46 65.3247 0 0.257746 0.265697 0.0670802
0.792 374.969 267.092 0 10577.2 1194.21 824.244 728.081 3658.26 65.3326 0 0.257002 0.264979 0.0670507
0.793 376.615 267.349 0 10572.4 1193.55 824.591 728.014 3658.07 65.3406 0 0.256259 0.264261 0.0670212
0.794 378.26 267.604 0 10567.6 1192.9 824.938 727.947 3657.87 65.3487 0 0.255516 0.263544 0.0669917
0.795 379.906 267.859 0 10562.8 1192.24 825.287 727.88 3657.67 65.3567 0 0.254774 0.262828 0.0669622
0.796 381.551 268.113 0 10558 1191.59 825.637 727.813 3657.48 65.3648 0 0.254033 0.262112 0.0669327
0.797 383.196 268.366 0 10553.3 1190.95 825.988 727.746 3657.28 65.3729 0 0.253293 0.261398 0.0669032
0.798 384.841 268.619 0 10548.5 1190.3 826.341 727.679 3657.09 65.381 0 0.252554 0.260684 0.0668737
0.799 386.485 268.871 0 10543.7 1189.66 826.694 727.612 3656.9 65.3892 0 0.251816 0.25997 0.0668442
0.8 388.13 269.122 0 10538.9 1189.01 827.049 727.545 3656.7 65.3974 0 0.251078 0.259258 0.0668147
0.801 389.774 269.372 0 10534.2 1188.37 827.405 727.478 3656.51 65.4056 0 0.250341 0.258546 0.0667852
0.802 391.417 269.622 0 10529.4 1187.74 827.763 727.412 3656.32 65.4138 0 0.249606 0.257835 0.0667557
0.803 393.061 269.87 0 10524.6 1187.1 828.121 727.345 3656.13 65.4221 0 0.248871 0.257125 0.0667262
0.804 394.704 270.119 0 10519.9 1186.47 828.481 727.278 3655.94 65.4303 0 0.248136 0.256415 0.0666967
0.805 396.347 270.366 0 10515.1 1185.84 828.842 727.212 3655.75 65.4386 0 0.247403 0.255707 0.0666672
0.806 397.99 270.613 0 10510.4 1185.21 829.205 727.145 3655.56 65.447 0 0.246671 0.254999 0.0666377
0.807 399.632 270.859 0 10505.6 1184.59 829.568 727.078 3655.38 65.4553 0 0.245939 0.254292 0.0666081
0.808 401.274 271.104 0 10500.8 1183.96 829.933 727.012 3655.19 65.4637 0 0.245209 0.253585 0.0665786
0.809 402.915 271.348 0 10496.1 1183.34 830.298 726.945 3655 65.4721 0 0.244479 0.252879 0.0665491
0.81 404.557 271.592 0 10491.3 1182.72 830.666 726.879 3654.82 65.4805 0 0.24375 0.252174 0.0665196
0.811 406.198 271.835 0 10486.6 1182.11 831.034 726.812 3654.63 65.489 0 0.243022 0.25147 0.0664901
0.812 407.838 272.077 0 10481.8 1181.49 831.403 726.746 3654.45 65.4975 0 0.242295 0.250767 0.0664606
0.813 409.478 272.319 0 10477.1 1180.88 831.774 726.679 3654.26 65.5059 0 0.241568 0.250064 0.066431
0.814 411.118 272.56 0 10472.3 1180.27 832.146 726.613 3654.08 65.5145 0 0.240843 0.249362 0.0664015
0.815 412.758 272.8 0 10467.6 1179.66 832.518 726.547 3653.9 65.523 0 0.240118 0.248661 0.066372
0.816 414.397 273.039 0 10462.9 1179.06 832.893 726.48 3653.72 65.5316 0 0.239395 0.247961 0.0663425
0.817 416.035 273.278 0 10458.1 1178.45 833.268 726.414 3653.54 65.5402 0 0.238672 0.247261 0.0663129
0.818 417.674 273.516 0 10453.4 1177.85 833.644 726.348 3653.36 65.5488 0 0.23795 0.246562 0.0662834
0.819 419.311 273.753 0 10448.7 1177.26 834.022 726.281 3653.18 65.5574 0 0.23723 0.245864 0.0662539
0.82 420.949 273.99 0 10443.9 1176.66 834.401 726.215 3653 65.5661 0 0.23651 0.245166 0.0662244
0.821 422.586 274.225 0 10439.2 1176.06 834.781 726.149 3652.82 65.5747 0 0.23579 0.24447 0.0661948
0.822 424.222 274.461 0 10434.5 1175.47 835.162 726.083 3652.64 65.5834 0 0.235072 0.243774 0.0661653
0.823 425.858 274.695 0 10429.8 1174.88 835.544 726.017 3652.46 65.5922 0 0.234355 0.243079 0.0661358
0.824 427.494 274.929 0 10425 1174.29 835.927 725.951 3652.29 65.6009 0 0.233639 0.242385 0.0661063
0.825 429.129 275.161 0 10420.3 1173.71 836.312 725.884 3652.11 65.6097 0 0.232923 0.241691 0.0660767
0.826 430.763 275.394 0 10415.6 1173.13 836.697 725.818 3651.94 65.6185 0 0.232209 0.240999 0.0660472
0.827 432.397 275.625 0 10410.9 1172.55 837.084 725.752 3651.76 65.6273 0 0.231495 0.240307 0.0660177
0.828 434.03 275.856 0 10406.2 1171.97 837.472 725.686 3651.59 65.6361 0 0.230783 0.239615 0.0659881
0.829 435.663 276.086 0 10401.5 1171.39 837.86 725.62 3651.42 65.645 0 0.230071 0.238925 0.0659586
0.83 437.296 276.315 0 10396.7 1170.82 838.25 725.554 3651.24 65.6538 0 0.22936 0.238235 0.0659291
0.831 438.927 276.544 0 10392 1170.24 838.641 725.489 3651.07 65.6627 0 0.228651 0.237547 0.0658995
0.832 440.558 276.772 0 10387.3 1169.67 839.034 725.423 3650.9 65.6717 0 0.227942 0.236859 0.06587
0.833 442.189 276.999 0 10382.6 1169.11 839.427 725.357 3650.73 65.6806 0 0.227234 0.236171 0.0658405
0.834 443.819 277.226 0 10377.9 1168.54 839.821 725.291 3650.56 65.6896 0 0.226527 0.235485 0.0658109
0.835 445.448 277.452 0 10373.2 1167.98 840.216 725.225 3650.39 65.6985 0 0.225821 0.234799 0.0657814
0.836 447.077 277.677 0 10368.5 1167.42 840.613 725.16 3650.22 65.7075 0 0.225116 0.234115 0.0657518
0.837 448.705 277.901 0 10363.8 1166.86 841.01 725.094 3650.06 65.7165 0 0.224412 0.233431 0.0657223
0.838 450.332 278.125 0 10359.2 1166.3 841.409 725.028 3649.89 65.7256 0 0.223709 0.232747 0.0656928
0.839 451.959 278.348 0 10354.5 1165.75 841.808 724.962 3649.72 65.7346 0 0.223007 0.232065 0.0656632
0.84 453.585 278.57 0 10349.8 1165.19 842.209 724.897 3649.56 65.7437 0 0.222306 0.231383 0.0656337
0.841 455.21 278.792 0 10345.1 1164.64 842.611 724.831 3649.39 65.7528 0 0.221606 0.230703 0.0656041
0.842 456.835 279.013 0 10340.4 1164.09 843.013 724.766 3649.23 65.7619 0 0.220907 0.230023 0.0655746
0.843 458.459 279.233 0 10335.7 1163.55 843.417 724.7 3649.06 65.7711 0 0.220209 0.229343 0.0655451
0.844 460.082 279.452 0 10331 1163 843.822 724.635 3648.9 65.7802 0 0.219512 0.228665 0.0655155
0.845 461.704 279.671 0 10326.4 1162.46 844.227 724.569 3648.74 65.7894 0 0.218816 0.227988 0.065486
0.846 463.326 279.889 0 10321.7 1161.92 844.634 724.504 3648.58 65.7986 0 0.218121 0.227311 0.0654564
0.847 464.946 280.107 0 10317 1161.39 845.042 724.438 3648.42 65.8078 0 0.217427 0.226635 0.0654269
0.848 466.566 280.323 0 10312.3 1160.85 845.45 724.373 3648.26 65.817 0 0.216734 0.22596 0.0653974
0.849 468.185 280.54 0 10307.7 1160.32 845.86 724.307 3648.1 65.8263 0 0.216042 0.225286 0.0653678
0.85 469.804 280.755 0 10303 1159.79 846.27 724.242 3647.94 65.8355 0 0.215351 0.224613 0.0653383
0.851 471.421 280.97 0 10298.3 1159.26 846.682 724.177 3647.78 65.8448 0 0.214661 0.22394 0.0653087
0.852 473.038 281.184 0 10293.7 1158.73 847.094 724.112 3647.62 65.8541 0 0.213973 0.223268 0.0652792
0.853 474.654 281.397 0 10289 1158.21 847.508 724.046 3647.46 65.8634 0 0.213285 0.222598 0.0652496
0.854 476.268 281.609 0 10284.4 1157.68 847.922 723.981 3647.31 65.8727 0 0.212598 0.221928 0.0652201
0.855 477.882 281.821 0 10279.7 1157.16 848.337 723.916 3647.15 65.8821 0 0.211912 0.221259 0.0651905
0.856 479.495 282.033 0 10275.1 1156.65 848.754 723.851 3646.99 65.8914 0 0.211228 0.22059 0.065161
0.857 481.107 282.243 0 10270.4 1156.13 849.171 723.786 3646.84 65.9008 0 0.210544 0.219923 0.0651315
0.858 482.718 282.453 0 10265.7 1155.62 849.589 723.72 3646.68 65.9102 0 0.209862 0.219257 0.0651019
0.859 484.329 282.662 0 10261.1 1155.1 850.008 723.655 3646.53 65.9196 0 0.20918 0.218591 0.0650724
0.86 485.938 282.871 0 10256.5 1154.59 850.428 723.59 3646.38 65.9291 0 0.2085 0.217926 0.0650428
0.861 487.546 283.078 0 10251.8 1154.09 850.848 723.525 3646.23 65.9385 0 0.20782 0.217262 0.0650133
0.862 489.153 283.286 0 10247.2 1153.58 851.27 723.46 3646.07 65.948 0 0.207142 0.216599 0.0649837
0.863 490.759 283.492 0 10242.5 1153.08 851.692 723.395 3645.92 65.9574 0 0.206465 0.215937 0.0649542
0.864 492.364 283.698 0 10237.9 1152.58 852.116 723.33 3645.77 65.9669 0 0.205789 0.215276 0.0649246
0.865 493.968 283.903 0 10233.3 1152.08 852.54 723.266 3645.62 65.9764 0 0.205114 0.214616 0.0648951
0.866 495.571 284.107 0 10228.6 1151.58 852.965 723.201 3645.47 65.9859 0 0.20444 0.213956 0.0648656
0.867 497.173 284.311 0 10224 1151.09 853.391 723.136 3645.33 65.9955 0 0.203767 0.213298 0.064836
0.868 498.774 284.514 0 10219.4 1150.59 853.817 723.071 3645.18 66.005 0 0.203095 0.21264 0.0648065
0.869 500.373 284.717 0 10214.7 1150.1 854.245 723.006 3645.03 66.0146 0 0.202425 0.211983 0.0647769
0.87 501.972 284.918 0 10210.1 1149.61 854.673 722.942 3644.88 66.0241 0 0.201755 0.211327 0.0647474
0.871 503.569 285.12 0 10205.5 1149.13 855.102 722.877 3644.74 66.0337 0 0.201087 0.210673 0.0647178
0.872 505.165 285.32 0 10200.9 1148.64 855.532 722.812 3644.59 66.0433 0 0.20042 0.210019 0.0646883
0.873 506.76 285.52 0 10196.2 1148.16 855.963 722.747 3644.45 66.0529 0 0.199754 0.209365 0.0646587
0.874 508.354 285.719 0 10191.6 1147.68 856.394 722.683 3644.3 66.0626 0 0.199089 0.208713 0.0646292
0.875 509.946 285.917 0 10187 1147.2 856.826 722.618 3644.16 66.0722 0 0.198425 0.208062 0.0645997
0.876 511.538 286.115 0 10182.4 1146.73 857.259 722.554 3644.02 66.0818 0 0.197762 0.207412 0.0645701
0.877 513.128 286.312 0 10177.8 1146.25 857.693 722.489 3643.88 66.0915 0 0.197101 0.206762 0.0645406
0.878 514.717 286.509 0 10173.2 1145.78 858.127 722.425 3643.73 66.1012 0 0.19644 0.206114 0.064511
0.879 516.304 286.704 0 10168.6 1145.31 858.563 722.36 3643.59 66.1109 0 0.195781 0.205466 0.0644815
0.88 517.89 286.899 0 10164 1144.84 858.999 722.296 3643.45 66.1206 0 0.195123 0.20482 0.0644519
0.881 519.475 287.094 0 10159.4 1144.38 859.435 722.231 3643.31 66.1303 0 0.194466 0.204174 0.0644224
0.882 521.059 287.288 0 10154.8 1143.91 859.873 722.167 3643.17 66.14 0 0.19381 0.20353 0.0643929
0.883 522.641 287.481 0 10150.2 1143.45 860.311 722.103 3643.04 66.1497 0 0.193156 0.202886 0.0643633
0.884 524.222 287.673 0 10145.6 1142.99 860.749 722.038 3642.9 66.1595 0 0.192502 0.202243 0.0643338
0.885 525.801 287.865 0 10141 1142.53 861.189 721.974 3642.76 66.1692 0 0.19185 0.201602 0.0643042
0.886 527.38 288.056 0 10136.4 1142.08 861.629 721.91 3642.62 66.179 0 0.191199 0.200961 0.0642747
0.887 528.956 288.247 0 10131.8 1141.62 862.07 721.845 3642.49 66.1888 0 0.190549 0.200321 0.0642452
0.888 530.532 288.437 0 10127.2 1141.17 862.511 721.781 3642.35 66.1985 0 0.1899 0.199682 0.0642156
0.889 532.105 288.626 0 10122.6 1140.72 862.953 721.717 3642.22 66.2083 0 0.189253 0.199044 0.0641861
0.89 533.678 288.815 0 10118.1 1140.28 863.396 721.653 3642.08 66.2181 0 0.188606 0.198407 0.0641565
0.891 535.249 289.003 0 10113.5 1139.83 863.839 721.589 3641.95 66.2279 0 0.187961 0.197772 0.064127
0.892 536.818 289.19 0 10108.9 1139.39 864.283 721.525 3641.82 66.2378 0 0.187317 0.197137 0.0640975
0.893 538.386 289.377 0 10104.3 1138.95 864.728 721.461 3641.68 66.2476 0 0.186675 0.196503 0.0640679
0.894 539.953 289.563 0 10099.7 1138.51 865.173 721.396 3641.55 66.2574 0 0.186033 0.19587 0.0640384
0.895 541.518 289.748 0 10095.2 1138.07 865.619 721.332 3641.42 66.2673 0 0.185393 0.195238 0.0640089
0.896 543.081 289.933 0 10090.6 1137.63 866.065 721.268 3641.29 66.2771 0 0.184754 0.194607 0.0639793
0.897 544.643 290.117 0 10086 1137.2 866.512 721.205 3641.16 66.287 0 0.184116 0.193977 0.0639498
0.898 546.203 290.3 0 10081.5 1136.77 866.96 721.141 3641.03 66.2968 0 0.183479 0.193348 0.0639203
0.899 547.761 290.483 0 10076.9 1136.34 867.408 721.077 3640.9 66.3067 0 0.182844 0.192721 0.0638907
0.9 549.318 290.666 0 10072.3 1135.91 867.856 721.013 3640.77 66.3166 0 0.18221 0.192094 0.0638612
